4.991804e+001,2.853697e+004
5.040015e+001,2.841874e+004
5.088227e+001,2.831758e+004
5.136439e+001,2.822908e+004
5.184650e+001,2.815089e+004
5.232862e+001,2.808251e+004
5.281074e+001,2.801648e+004
5.329285e+001,2.795067e+004
5.377497e+001,2.789257e+004
5.425709e+001,2.784962e+004
5.473920e+001,2.782540e+004
5.522132e+001,2.781810e+004
5.570344e+001,2.782095e+004
5.618555e+001,2.781951e+004
5.666767e+001,2.781162e+004
5.714979e+001,2.780332e+004
5.763190e+001,2.780163e+004
5.811402e+001,2.781022e+004
5.859614e+001,2.782729e+004
5.907825e+001,2.784552e+004
5.956037e+001,2.785654e+004
6.004249e+001,2.786007e+004
6.052460e+001,2.785554e+004
6.100672e+001,2.784520e+004
6.148884e+001,2.783238e+004
6.197095e+001,2.781950e+004
6.245307e+001,2.780693e+004
6.293519e+001,2.779637e+004
6.341730e+001,2.778938e+004
6.389942e+001,2.778454e+004
6.438154e+001,2.777770e+004
6.486366e+001,2.776495e+004
6.534577e+001,2.774514e+004
6.582789e+001,2.772127e+004
6.631001e+001,2.770015e+004
6.679212e+001,2.768601e+004
6.727424e+001,2.767872e+004
6.775636e+001,2.767519e+004
6.823847e+001,2.767268e+004
6.872059e+001,2.767073e+004
6.920271e+001,2.767047e+004
6.968482e+001,2.767159e+004
7.016694e+001,2.767210e+004
7.064906e+001,2.766600e+004
7.113117e+001,2.764954e+004
7.161329e+001,2.762348e+004
7.209541e+001,2.759325e+004
7.257752e+001,2.756653e+004
7.305965e+001,2.755237e+004
7.354176e+001,2.755081e+004
7.402388e+001,2.755584e+004
7.450600e+001,2.755988e+004
7.498811e+001,2.755844e+004
7.547023e+001,2.755255e+004
7.595235e+001,2.754947e+004
7.643446e+001,2.753923e+004
7.691658e+001,2.753044e+004
7.739870e+001,2.752177e+004
7.788081e+001,2.750254e+004
7.836293e+001,2.746009e+004
7.884505e+001,2.738977e+004
7.932716e+001,2.730372e+004
7.980928e+001,2.719164e+004
8.029140e+001,2.707057e+004
8.077351e+001,2.695083e+004
8.125563e+001,2.683562e+004
8.173775e+001,2.672264e+004
8.221986e+001,2.660853e+004
8.270198e+001,2.649037e+004
8.318410e+001,2.635673e+004
8.366621e+001,2.620209e+004
8.414833e+001,2.605089e+004
8.463045e+001,2.590664e+004
8.511256e+001,2.576270e+004
8.559468e+001,2.561124e+004
8.607680e+001,2.545328e+004
8.655891e+001,2.529495e+004
8.704103e+001,2.512696e+004
8.752315e+001,2.493160e+004
8.800526e+001,2.474382e+004
8.848738e+001,2.457835e+004
8.896950e+001,2.442508e+004
8.945161e+001,2.426211e+004
8.993373e+001,2.408679e+004
9.041585e+001,2.390283e+004
9.089796e+001,2.371682e+004
9.138008e+001,2.353808e+004
9.186220e+001,2.337680e+004
9.234431e+001,2.323476e+004
9.282643e+001,2.310534e+004
9.330855e+001,2.299448e+004
9.379066e+001,2.289933e+004
9.427278e+001,2.280092e+004
9.475490e+001,2.269754e+004
9.523701e+001,2.259485e+004
9.571913e+001,2.250153e+004
9.620125e+001,2.242420e+004
9.668336e+001,2.236231e+004
9.716548e+001,2.231134e+004
9.764760e+001,2.227347e+004
9.812971e+001,2.224217e+004
9.861183e+001,2.221129e+004
9.909395e+001,2.217653e+004
9.957607e+001,2.213946e+004
1.000582e+002,2.210906e+004
1.005403e+002,2.208747e+004
1.010224e+002,2.206222e+004
1.015045e+002,2.203551e+004
1.019866e+002,2.201998e+004
1.024688e+002,2.202306e+004
1.029509e+002,2.204595e+004
1.034330e+002,2.208711e+004
1.039151e+002,2.214501e+004
1.043972e+002,2.221109e+004
1.048793e+002,2.229656e+004
1.053615e+002,2.242276e+004
1.058436e+002,2.257138e+004
1.063257e+002,2.272114e+004
1.068078e+002,2.286590e+004
1.072899e+002,2.298438e+004
1.077720e+002,2.303808e+004
1.082542e+002,2.305281e+004
1.087363e+002,2.300565e+004
1.092184e+002,2.287889e+004
1.097005e+002,2.268028e+004
1.101826e+002,2.242573e+004
1.106647e+002,2.210566e+004
1.111469e+002,2.174086e+004
1.116290e+002,2.136504e+004
1.121111e+002,2.098308e+004
1.125932e+002,2.062344e+004
1.130753e+002,2.029307e+004
1.135574e+002,1.998520e+004
1.140396e+002,1.968788e+004
1.145217e+002,1.940796e+004
1.150038e+002,1.914049e+004
1.154859e+002,1.888597e+004
1.159680e+002,1.865259e+004
1.164501e+002,1.844262e+004
1.169323e+002,1.825702e+004
1.174144e+002,1.809244e+004
1.178965e+002,1.794454e+004
1.183786e+002,1.781661e+004
1.188607e+002,1.768907e+004
1.193428e+002,1.756191e+004
1.198250e+002,1.743863e+004
1.203071e+002,1.731909e+004
1.207892e+002,1.719901e+004
1.212713e+002,1.707233e+004
1.217534e+002,1.696225e+004
1.222355e+002,1.687958e+004
1.227177e+002,1.679675e+004
1.231998e+002,1.670523e+004
1.236819e+002,1.660923e+004
1.241640e+002,1.651741e+004
1.246461e+002,1.643659e+004
1.251283e+002,1.636777e+004
1.256104e+002,1.629540e+004
1.260925e+002,1.621671e+004
1.265746e+002,1.613701e+004
1.270567e+002,1.605842e+004
1.275388e+002,1.597825e+004
1.280210e+002,1.589197e+004
1.285031e+002,1.579797e+004
1.289852e+002,1.570036e+004
1.294673e+002,1.561221e+004
1.299494e+002,1.554030e+004
1.304315e+002,1.547725e+004
1.309137e+002,1.541803e+004
1.313958e+002,1.535952e+004
1.318779e+002,1.529770e+004
1.323600e+002,1.522924e+004
1.328421e+002,1.515000e+004
1.333242e+002,1.506702e+004
1.338064e+002,1.498039e+004
1.342885e+002,1.489119e+004
1.347706e+002,1.480229e+004
1.352527e+002,1.471845e+004
1.357348e+002,1.464439e+004
1.362169e+002,1.458403e+004
1.366991e+002,1.453183e+004
1.371812e+002,1.447868e+004
1.376633e+002,1.442168e+004
1.381454e+002,1.436208e+004
1.386275e+002,1.430164e+004
1.391096e+002,1.423836e+004
1.395918e+002,1.417068e+004
1.400739e+002,1.410157e+004
1.405560e+002,1.403268e+004
1.410381e+002,1.396259e+004
1.415202e+002,1.388934e+004
1.420023e+002,1.381443e+004
1.424845e+002,1.374160e+004
1.429666e+002,1.367027e+004
1.434487e+002,1.359327e+004
1.439308e+002,1.351344e+004
1.444129e+002,1.343348e+004
1.448951e+002,1.335235e+004
1.453772e+002,1.327034e+004
1.458593e+002,1.318988e+004
1.463414e+002,1.311411e+004
1.468235e+002,1.304264e+004
1.473056e+002,1.297988e+004
1.477878e+002,1.292876e+004
1.482699e+002,1.287763e+004
1.487520e+002,1.281913e+004
1.492341e+002,1.275238e+004
1.497162e+002,1.268080e+004
1.501983e+002,1.260901e+004
1.506805e+002,1.253289e+004
1.511626e+002,1.246495e+004
1.516447e+002,1.240821e+004
1.521268e+002,1.236001e+004
1.526089e+002,1.232255e+004
1.530910e+002,1.229241e+004
1.535732e+002,1.225754e+004
1.540553e+002,1.220308e+004
1.545374e+002,1.212167e+004
1.550195e+002,1.205033e+004
1.555016e+002,1.199756e+004
1.559837e+002,1.195249e+004
1.564659e+002,1.190760e+004
1.569480e+002,1.186189e+004
1.574301e+002,1.181846e+004
1.579122e+002,1.177922e+004
1.583943e+002,1.174023e+004
1.588764e+002,1.169854e+004
1.593586e+002,1.165353e+004
1.598407e+002,1.160171e+004
1.603228e+002,1.154360e+004
1.608049e+002,1.148351e+004
1.612870e+002,1.142613e+004
1.617691e+002,1.137286e+004
1.622513e+002,1.132072e+004
1.627334e+002,1.126397e+004
1.632155e+002,1.120283e+004
1.636976e+002,1.114056e+004
1.641797e+002,1.107795e+004
1.646618e+002,1.101367e+004
1.651440e+002,1.094745e+004
1.656261e+002,1.087935e+004
1.661082e+002,1.080559e+004
1.665903e+002,1.072528e+004
1.670724e+002,1.064148e+004
1.675545e+002,1.055903e+004
1.680367e+002,1.047662e+004
1.685188e+002,1.039243e+004
1.690009e+002,1.031677e+004
1.694830e+002,1.025819e+004
1.699651e+002,1.020616e+004
1.704472e+002,1.015124e+004
1.709294e+002,1.009540e+004
1.714115e+002,1.004384e+004
1.718936e+002,9.999402e+003
1.723757e+002,9.959484e+003
1.728578e+002,9.917597e+003
1.733399e+002,9.869292e+003
1.738221e+002,9.818481e+003
1.743042e+002,9.770218e+003
1.747863e+002,9.725393e+003
1.752684e+002,9.684172e+003
1.757505e+002,9.647296e+003
1.762326e+002,9.615106e+003
1.767148e+002,9.581907e+003
1.771969e+002,9.546056e+003
1.776790e+002,9.514747e+003
1.781611e+002,9.492050e+003
1.786432e+002,9.475441e+003
1.791253e+002,9.456163e+003
1.796075e+002,9.424434e+003
1.800896e+002,9.377366e+003
1.805717e+002,9.328114e+003
1.810538e+002,9.280450e+003
1.815359e+002,9.236676e+003
1.820180e+002,9.197858e+003
1.825002e+002,9.161521e+003
1.829823e+002,9.124050e+003
1.834644e+002,9.082114e+003
1.839465e+002,9.034754e+003
1.844286e+002,8.986104e+003
1.849107e+002,8.943447e+003
1.853929e+002,8.908237e+003
1.858750e+002,8.876757e+003
1.863571e+002,8.846278e+003
1.868392e+002,8.814746e+003
1.873213e+002,8.780475e+003
1.878034e+002,8.743175e+003
1.882856e+002,8.709825e+003
1.887677e+002,8.691724e+003
1.892498e+002,8.675613e+003
1.897319e+002,8.659057e+003
1.902140e+002,8.641871e+003
1.906961e+002,8.623662e+003
1.911783e+002,8.604518e+003
1.916604e+002,8.586955e+003
1.921425e+002,8.574696e+003
1.926246e+002,8.560692e+003
1.931067e+002,8.543687e+003
1.935888e+002,8.525866e+003
1.940710e+002,8.507815e+003
1.945531e+002,8.493097e+003
1.950352e+002,8.485508e+003
1.955173e+002,8.483328e+003
1.959994e+002,8.475831e+003
1.964815e+002,8.442168e+003
1.969637e+002,8.415008e+003
1.974458e+002,8.405013e+003
1.979279e+002,8.400222e+003
1.984100e+002,8.388649e+003
1.988921e+002,8.367753e+003
1.993742e+002,8.343901e+003
1.998564e+002,8.324191e+003
2.003385e+002,8.309054e+003
2.008206e+002,8.292850e+003
2.013027e+002,8.272965e+003
2.017848e+002,8.250760e+003
2.022669e+002,8.227634e+003
2.027491e+002,8.205005e+003
2.032312e+002,8.185571e+003
2.037133e+002,8.172775e+003
2.041954e+002,8.169015e+003
2.046775e+002,8.158350e+003
2.051596e+002,8.130248e+003
2.056418e+002,8.100512e+003
2.061239e+002,8.083732e+003
2.066060e+002,8.081486e+003
2.070881e+002,8.083868e+003
2.075702e+002,8.081755e+003
2.080523e+002,8.072475e+003
2.085345e+002,8.063443e+003
2.090166e+002,8.054786e+003
2.094987e+002,8.043214e+003
2.099808e+002,8.028238e+003
2.104629e+002,8.013243e+003
2.109450e+002,8.002694e+003
2.114272e+002,7.997757e+003
2.119093e+002,7.996979e+003
2.123914e+002,7.996235e+003
2.128735e+002,7.992657e+003
2.133556e+002,7.988070e+003
2.138377e+002,7.987268e+003
2.143199e+002,7.990913e+003
2.148020e+002,7.994397e+003
2.152841e+002,7.993782e+003
2.157662e+002,7.991071e+003
2.162483e+002,7.991222e+003
2.167304e+002,7.992994e+003
2.172126e+002,7.989421e+003
2.176947e+002,7.977553e+003
2.181768e+002,7.962695e+003
2.186589e+002,7.953712e+003
2.191410e+002,7.954513e+003
2.196231e+002,7.962138e+003
2.201053e+002,7.970931e+003
2.205874e+002,7.979018e+003
2.210695e+002,7.985201e+003
2.215516e+002,7.988347e+003
2.220337e+002,7.987085e+003
2.225158e+002,7.979094e+003
2.229980e+002,7.964451e+003
2.234801e+002,7.955253e+003
2.239622e+002,7.966327e+003
2.244443e+002,7.987432e+003
2.249264e+002,7.997547e+003
2.254085e+002,7.991218e+003
2.258907e+002,7.976696e+003
2.263728e+002,7.961842e+003
2.268549e+002,7.948595e+003
2.273370e+002,7.942870e+003
2.278191e+002,7.946794e+003
2.283012e+002,7.952064e+003
2.287834e+002,7.949550e+003
2.292655e+002,7.934846e+003
2.297476e+002,7.918050e+003
2.302297e+002,7.910321e+003
2.307118e+002,7.913146e+003
2.311939e+002,7.918068e+003
2.316761e+002,7.919666e+003
2.321582e+002,7.917644e+003
2.326403e+002,7.914242e+003
2.331224e+002,7.908629e+003
2.336045e+002,7.898821e+003
2.340866e+002,7.884960e+003
2.345688e+002,7.870732e+003
2.350509e+002,7.860901e+003
2.355330e+002,7.854151e+003
2.360151e+002,7.848532e+003
2.364972e+002,7.843958e+003
2.369793e+002,7.842090e+003
2.374615e+002,7.839856e+003
2.379436e+002,7.834850e+003
2.384257e+002,7.829909e+003
2.389078e+002,7.830564e+003
2.393899e+002,7.836702e+003
2.398720e+002,7.839799e+003
2.403542e+002,7.834225e+003
2.408363e+002,7.824054e+003
2.413184e+002,7.816495e+003
2.418005e+002,7.814632e+003
2.422826e+002,7.812875e+003
2.427647e+002,7.803498e+003
2.432469e+002,7.786864e+003
2.437290e+002,7.774414e+003
2.442111e+002,7.777750e+003
2.446932e+002,7.785540e+003
2.451753e+002,7.782980e+003
2.456574e+002,7.764006e+003
2.461396e+002,7.739056e+003
2.466217e+002,7.722772e+003
2.471038e+002,7.718966e+003
2.475859e+002,7.715684e+003
2.480680e+002,7.699449e+003
2.485501e+002,7.673711e+003
2.490323e+002,7.649592e+003
2.495144e+002,7.630057e+003
2.499965e+002,7.613955e+003
2.504786e+002,7.603170e+003
2.509607e+002,7.596708e+003
2.514428e+002,7.586262e+003
2.519250e+002,7.566678e+003
2.524071e+002,7.543133e+003
2.528892e+002,7.522084e+003
2.533713e+002,7.502132e+003
2.538534e+002,7.482165e+003
2.543355e+002,7.462201e+003
2.548177e+002,7.441639e+003
2.552998e+002,7.421394e+003
2.557819e+002,7.405721e+003
2.562640e+002,7.390867e+003
2.567461e+002,7.364253e+003
2.572282e+002,7.328024e+003
2.577104e+002,7.297578e+003
2.581925e+002,7.285167e+003
2.586746e+002,7.276286e+003
2.591567e+002,7.252002e+003
2.596388e+002,7.214297e+003
2.601209e+002,7.182339e+003
2.606031e+002,7.167787e+003
2.610852e+002,7.158922e+003
2.615673e+002,7.138943e+003
2.620494e+002,7.103497e+003
2.625315e+002,7.064509e+003
2.630136e+002,7.031748e+003
2.634958e+002,7.005882e+003
2.639779e+002,6.982627e+003
2.644600e+002,6.957930e+003
2.649421e+002,6.929940e+003
2.654242e+002,6.901243e+003
2.659063e+002,6.875064e+003
2.663885e+002,6.850290e+003
2.668706e+002,6.825227e+003
2.673527e+002,6.799968e+003
2.678348e+002,6.774632e+003
2.683169e+002,6.747425e+003
2.687990e+002,6.721818e+003
2.692812e+002,6.706779e+003
2.697633e+002,6.700495e+003
2.702454e+002,6.690627e+003
2.707275e+002,6.672334e+003
2.712096e+002,6.648087e+003
2.716917e+002,6.620031e+003
2.721739e+002,6.588641e+003
2.726560e+002,6.560630e+003
2.731381e+002,6.542998e+003
2.736202e+002,6.533623e+003
2.741023e+002,6.517852e+003
2.745844e+002,6.486447e+003
2.750666e+002,6.452356e+003
2.755487e+002,6.423354e+003
2.760308e+002,6.398685e+003
2.765129e+002,6.377618e+003
2.769950e+002,6.363027e+003
2.774771e+002,6.351145e+003
2.779593e+002,6.331149e+003
2.784414e+002,6.300632e+003
2.789235e+002,6.269961e+003
2.794056e+002,6.243508e+003
2.798877e+002,6.219992e+003
2.803698e+002,6.195501e+003
2.808520e+002,6.168114e+003
2.813341e+002,6.142096e+003
2.818162e+002,6.124288e+003
2.822983e+002,6.115093e+003
2.827804e+002,6.099819e+003
2.832625e+002,6.070398e+003
2.837447e+002,6.036883e+003
2.842268e+002,6.010579e+003
2.847089e+002,5.993199e+003
2.851910e+002,5.978208e+003
2.856731e+002,5.959763e+003
2.861552e+002,5.938291e+003
2.866374e+002,5.920043e+003
2.871195e+002,5.906908e+003
2.876016e+002,5.895755e+003
2.880837e+002,5.883194e+003
2.885658e+002,5.867786e+003
2.890479e+002,5.850950e+003
2.895301e+002,5.835267e+003
2.900122e+002,5.820320e+003
2.904943e+002,5.799222e+003
2.909764e+002,5.764251e+003
2.914585e+002,5.740578e+003
2.919406e+002,5.733163e+003
2.924228e+002,5.730721e+003
2.929049e+002,5.723867e+003
2.933870e+002,5.710581e+003
2.938691e+002,5.692222e+003
2.943512e+002,5.670493e+003
2.948333e+002,5.645558e+003
2.953155e+002,5.629194e+003
2.957976e+002,5.621915e+003
2.962797e+002,5.617943e+003
2.967618e+002,5.615349e+003
2.972439e+002,5.612164e+003
2.977260e+002,5.605499e+003
2.982082e+002,5.592716e+003
2.986903e+002,5.572212e+003
2.991724e+002,5.551236e+003
2.996545e+002,5.534380e+003
3.001366e+002,5.517431e+003
3.006187e+002,5.499108e+003
3.011009e+002,5.483130e+003
3.015830e+002,5.472968e+003
3.020651e+002,5.468807e+003
3.025472e+002,5.466879e+003
3.030293e+002,5.460364e+003
3.035114e+002,5.446961e+003
3.039936e+002,5.433969e+003
3.044757e+002,5.420633e+003
3.049578e+002,5.407969e+003
3.054399e+002,5.397469e+003
3.059220e+002,5.389565e+003
3.064041e+002,5.383640e+003
3.068863e+002,5.379964e+003
3.073684e+002,5.380688e+003
3.078505e+002,5.378729e+003
3.083326e+002,5.368753e+003
3.088147e+002,5.358524e+003
3.092968e+002,5.350029e+003
3.097790e+002,5.342859e+003
3.102611e+002,5.335885e+003
3.107432e+002,5.327390e+003
3.112253e+002,5.316720e+003
3.117074e+002,5.306217e+003
3.121895e+002,5.298514e+003
3.126717e+002,5.291170e+003
3.131538e+002,5.285370e+003
3.136359e+002,5.280731e+003
3.141180e+002,5.274595e+003
3.146001e+002,5.264752e+003
3.150822e+002,5.252635e+003
3.155644e+002,5.241994e+003
3.160465e+002,5.234669e+003
3.165286e+002,5.228258e+003
3.170107e+002,5.222421e+003
3.174928e+002,5.217492e+003
3.179749e+002,5.212327e+003
3.184571e+002,5.205186e+003
3.189392e+002,5.196110e+003
3.194213e+002,5.185458e+003
3.199034e+002,5.173822e+003
3.203855e+002,5.162366e+003
3.208676e+002,5.152689e+003
3.213498e+002,5.141844e+003
3.218319e+002,5.124938e+003
3.223140e+002,5.105861e+003
3.227961e+002,5.090299e+003
3.232782e+002,5.078952e+003
3.237603e+002,5.070401e+003
3.242425e+002,5.065544e+003
3.247246e+002,5.063573e+003
3.252067e+002,5.056158e+003
3.256888e+002,5.039139e+003
3.261709e+002,5.019702e+003
3.266530e+002,5.007383e+003
3.271352e+002,5.001906e+003
3.276173e+002,4.995649e+003
3.280994e+002,4.986165e+003
3.285815e+002,4.974651e+003
3.290636e+002,4.962099e+003
3.295457e+002,4.948417e+003
3.300279e+002,4.934955e+003
3.305100e+002,4.923780e+003
3.309921e+002,4.915966e+003
3.314742e+002,4.906664e+003
3.319563e+002,4.896160e+003
3.324384e+002,4.885915e+003
3.329206e+002,4.875693e+003
3.334027e+002,4.865382e+003
3.338848e+002,4.855836e+003
3.343669e+002,4.847562e+003
3.348490e+002,4.840329e+003
3.353311e+002,4.835007e+003
3.358133e+002,4.832034e+003
3.362954e+002,4.828074e+003
3.367775e+002,4.823243e+003
3.372596e+002,4.818177e+003
3.377417e+002,4.813599e+003
3.382238e+002,4.810000e+003
3.387060e+002,4.806833e+003
3.391881e+002,4.801651e+003
3.396702e+002,4.790090e+003
3.401523e+002,4.777556e+003
3.406344e+002,4.768399e+003
3.411165e+002,4.757739e+003
3.415987e+002,4.741537e+003
3.420808e+002,4.722058e+003
3.425629e+002,4.705834e+003
3.430450e+002,4.699288e+003
3.435271e+002,4.701885e+003
3.440092e+002,4.697777e+003
3.444914e+002,4.678242e+003
3.449735e+002,4.663378e+003
3.454556e+002,4.660016e+003
3.459377e+002,4.660506e+003
3.464198e+002,4.655377e+003
3.469019e+002,4.639852e+003
3.473841e+002,4.620262e+003
3.478662e+002,4.609579e+003
3.483483e+002,4.611453e+003
3.488304e+002,4.609640e+003
3.493125e+002,4.598522e+003
3.497946e+002,4.588178e+003
3.502768e+002,4.582286e+003
3.507589e+002,4.580076e+003
3.512410e+002,4.579812e+003
3.517231e+002,4.582673e+003
3.522052e+002,4.587111e+003
3.526873e+002,4.586369e+003
3.531695e+002,4.577839e+003
3.536516e+002,4.569216e+003
3.541337e+002,4.567619e+003
3.546158e+002,4.570234e+003
3.550979e+002,4.571601e+003
3.555800e+002,4.569623e+003
3.560622e+002,4.567885e+003
3.565443e+002,4.570754e+003
3.570264e+002,4.576818e+003
3.575085e+002,4.579213e+003
3.579906e+002,4.575031e+003
3.584727e+002,4.566586e+003
3.589549e+002,4.556686e+003
3.594370e+002,4.541998e+003
3.599191e+002,4.526818e+003
3.604012e+002,4.513952e+003
3.608833e+002,4.504302e+003
3.613654e+002,4.498651e+003
3.618476e+002,4.496482e+003
3.623297e+002,4.494667e+003
3.628118e+002,4.490537e+003
3.632939e+002,4.485953e+003
3.637760e+002,4.479591e+003
3.642581e+002,4.465784e+003
3.647403e+002,4.456920e+003
3.652224e+002,4.457635e+003
3.657045e+002,4.463311e+003
3.661866e+002,4.468442e+003
3.666687e+002,4.470827e+003
3.671508e+002,4.470084e+003
3.676330e+002,4.467763e+003
3.681151e+002,4.468381e+003
3.685972e+002,4.466382e+003
3.690793e+002,4.457565e+003
3.695614e+002,4.451232e+003
3.700435e+002,4.451953e+003
3.705257e+002,4.457932e+003
3.710078e+002,4.463719e+003
3.714899e+002,4.465213e+003
3.719720e+002,4.463643e+003
3.724541e+002,4.465068e+003
3.729362e+002,4.471058e+003
3.734184e+002,4.475562e+003
3.739005e+002,4.476487e+003
3.743826e+002,4.476188e+003
3.748647e+002,4.477757e+003
3.753468e+002,4.482825e+003
3.758289e+002,4.488070e+003
3.763111e+002,4.486642e+003
3.767932e+002,4.477694e+003
3.772753e+002,4.476318e+003
3.777574e+002,4.492588e+003
3.782395e+002,4.512320e+003
3.787216e+002,4.520029e+003
3.792038e+002,4.515598e+003
3.796859e+002,4.507440e+003
3.801680e+002,4.501516e+003
3.806501e+002,4.496537e+003
3.811322e+002,4.485920e+003
3.816143e+002,4.466717e+003
3.820965e+002,4.448224e+003
3.825786e+002,4.440175e+003
3.830607e+002,4.443321e+003
3.835428e+002,4.442765e+003
3.840249e+002,4.434584e+003
3.845070e+002,4.425297e+003
3.849892e+002,4.416874e+003
3.854713e+002,4.408055e+003
3.859534e+002,4.397517e+003
3.864355e+002,4.385323e+003
3.869176e+002,4.373307e+003
3.873997e+002,4.364839e+003
3.878819e+002,4.363354e+003
3.883640e+002,4.357371e+003
3.888461e+002,4.345583e+003
3.893282e+002,4.333533e+003
3.898103e+002,4.323230e+003
3.902924e+002,4.315856e+003
3.907746e+002,4.312740e+003
3.912567e+002,4.314554e+003
3.917388e+002,4.318242e+003
3.922209e+002,4.313622e+003
3.927030e+002,4.295712e+003
3.931852e+002,4.282522e+003
3.936673e+002,4.283740e+003
3.941494e+002,4.290405e+003
3.946315e+002,4.290470e+003
3.951136e+002,4.279762e+003
3.955957e+002,4.265185e+003
3.960779e+002,4.255410e+003
3.965600e+002,4.251009e+003
3.970421e+002,4.246389e+003
3.975242e+002,4.239969e+003
3.980063e+002,4.230091e+003
3.984884e+002,4.216558e+003
3.989706e+002,4.200675e+003
3.994527e+002,4.185938e+003
3.999348e+002,4.173344e+003
4.004169e+002,4.161320e+003
4.008990e+002,4.148535e+003
4.013811e+002,4.135131e+003
4.018633e+002,4.122198e+003
4.023454e+002,4.110989e+003
4.028275e+002,4.100940e+003
4.033096e+002,4.087689e+003
4.037917e+002,4.066258e+003
4.042738e+002,4.047211e+003
4.047560e+002,4.034393e+003
4.052381e+002,4.025287e+003
4.057202e+002,4.017547e+003
4.062023e+002,4.010643e+003
4.066844e+002,4.003740e+003
4.071665e+002,3.994907e+003
4.076487e+002,3.982171e+003
4.081308e+002,3.973386e+003
4.086129e+002,3.978373e+003
4.090950e+002,3.981159e+003
4.095771e+002,3.971988e+003
4.100592e+002,3.955682e+003
4.105414e+002,3.941637e+003
4.110235e+002,3.934640e+003
4.115056e+002,3.932167e+003
4.119877e+002,3.930174e+003
4.124698e+002,3.931130e+003
4.129519e+002,3.928757e+003
4.134341e+002,3.914862e+003
4.139162e+002,3.900498e+003
4.143983e+002,3.893748e+003
4.148804e+002,3.894008e+003
4.153625e+002,3.894502e+003
4.158446e+002,3.890721e+003
4.163268e+002,3.884613e+003
4.168089e+002,3.882212e+003
4.172910e+002,3.886462e+003
4.177731e+002,3.890907e+003
4.182552e+002,3.887619e+003
4.187373e+002,3.878045e+003
4.192195e+002,3.872173e+003
4.197016e+002,3.871568e+003
4.201837e+002,3.870353e+003
4.206658e+002,3.867866e+003
4.211479e+002,3.865217e+003
4.216301e+002,3.862190e+003
4.221122e+002,3.858614e+003
4.225943e+002,3.856429e+003
4.230764e+002,3.858042e+003
4.235585e+002,3.865080e+003
4.240406e+002,3.864849e+003
4.245228e+002,3.851357e+003
4.250049e+002,3.835782e+003
4.254870e+002,3.824819e+003
4.259691e+002,3.818943e+003
4.264512e+002,3.815465e+003
4.269333e+002,3.811926e+003
4.274155e+002,3.808261e+003
4.278976e+002,3.806317e+003
4.283797e+002,3.806285e+003
4.288618e+002,3.807777e+003
4.293439e+002,3.812138e+003
4.298260e+002,3.816417e+003
4.303082e+002,3.819366e+003
4.307903e+002,3.822308e+003
4.312724e+002,3.823374e+003
4.317545e+002,3.817075e+003
4.322366e+002,3.806165e+003
4.327188e+002,3.800519e+003
4.332009e+002,3.799764e+003
4.336830e+002,3.798496e+003
4.341651e+002,3.797596e+003
4.346472e+002,3.799235e+003
4.351293e+002,3.800748e+003
4.356115e+002,3.798468e+003
4.360936e+002,3.795176e+003
4.365757e+002,3.792947e+003
4.370578e+002,3.790410e+003
4.375399e+002,3.785069e+003
4.380220e+002,3.776836e+003
4.385042e+002,3.769168e+003
4.389863e+002,3.766396e+003
4.394684e+002,3.771067e+003
4.399505e+002,3.776626e+003
4.404326e+002,3.782900e+003
4.409147e+002,3.786525e+003
4.413969e+002,3.784752e+003
4.418790e+002,3.778621e+003
4.423611e+002,3.772133e+003
4.428432e+002,3.768527e+003
4.433253e+002,3.766073e+003
4.438074e+002,3.758698e+003
4.442896e+002,3.744653e+003
4.447717e+002,3.733895e+003
4.452538e+002,3.727507e+003
4.457359e+002,3.724798e+003
4.462180e+002,3.725976e+003
4.467001e+002,3.729399e+003
4.471823e+002,3.730854e+003
4.476644e+002,3.729957e+003
4.481465e+002,3.728565e+003
4.486286e+002,3.726734e+003
4.491107e+002,3.723808e+003
4.495928e+002,3.722597e+003
4.500750e+002,3.724244e+003
4.505571e+002,3.728096e+003
4.510392e+002,3.732997e+003
4.515213e+002,3.741978e+003
4.520034e+002,3.749352e+003
4.524855e+002,3.752216e+003
4.529677e+002,3.752901e+003
4.534498e+002,3.754586e+003
4.539319e+002,3.758148e+003
4.544140e+002,3.762146e+003
4.548961e+002,3.764096e+003
4.553782e+002,3.762115e+003
4.558604e+002,3.760676e+003
4.563425e+002,3.763492e+003
4.568246e+002,3.766474e+003
4.573067e+002,3.769641e+003
4.577888e+002,3.772097e+003
4.582709e+002,3.771788e+003
4.587531e+002,3.767661e+003
4.592352e+002,3.762120e+003
4.597173e+002,3.758188e+003
4.601994e+002,3.756010e+003
4.606815e+002,3.755168e+003
4.611636e+002,3.754391e+003
4.616458e+002,3.753815e+003
4.621279e+002,3.755847e+003
4.626100e+002,3.760060e+003
4.630921e+002,3.761813e+003
4.635742e+002,3.759145e+003
4.640563e+002,3.755419e+003
4.645385e+002,3.752963e+003
4.650206e+002,3.752361e+003
4.655027e+002,3.753968e+003
4.659848e+002,3.757088e+003
4.664669e+002,3.760515e+003
4.669490e+002,3.763883e+003
4.674312e+002,3.769027e+003
4.679133e+002,3.771321e+003
4.683954e+002,3.771693e+003
4.688775e+002,3.771665e+003
4.693596e+002,3.771144e+003
4.698417e+002,3.770451e+003
4.703239e+002,3.770573e+003
4.708060e+002,3.772044e+003
4.712881e+002,3.773637e+003
4.717702e+002,3.772783e+003
4.722523e+002,3.769248e+003
4.727344e+002,3.765705e+003
4.732166e+002,3.762978e+003
4.736987e+002,3.763138e+003
4.741808e+002,3.767216e+003
4.746629e+002,3.773678e+003
4.751450e+002,3.779892e+003
4.756271e+002,3.785255e+003
4.761093e+002,3.790495e+003
4.765914e+002,3.797507e+003
4.770735e+002,3.807770e+003
4.775556e+002,3.818429e+003
4.780377e+002,3.824730e+003
4.785198e+002,3.825410e+003
4.790020e+002,3.828398e+003
4.794841e+002,3.835141e+003
4.799662e+002,3.843015e+003
4.804483e+002,3.853241e+003
4.809304e+002,3.863803e+003
4.814125e+002,3.872163e+003
4.818947e+002,3.877786e+003
4.823768e+002,3.881737e+003
4.828589e+002,3.884396e+003
4.833410e+002,3.885363e+003
4.838231e+002,3.888937e+003
4.843052e+002,3.895958e+003
4.847874e+002,3.901308e+003
4.852695e+002,3.903646e+003
4.857516e+002,3.903832e+003
4.862337e+002,3.902349e+003
4.867158e+002,3.897626e+003
4.871979e+002,3.893992e+003
4.876801e+002,3.895656e+003
4.881622e+002,3.900517e+003
4.886443e+002,3.903267e+003
4.891264e+002,3.902608e+003
4.896085e+002,3.901991e+003
4.900906e+002,3.906261e+003
4.905728e+002,3.918570e+003
4.910549e+002,3.926943e+003
4.915370e+002,3.928453e+003
4.920191e+002,3.926147e+003
4.925012e+002,3.920488e+003
4.929833e+002,3.914164e+003
4.934655e+002,3.911546e+003
4.939476e+002,3.914546e+003
4.944297e+002,3.918675e+003
4.949118e+002,3.914327e+003
4.953939e+002,3.897666e+003
4.958760e+002,3.884385e+003
4.963582e+002,3.882610e+003
4.968403e+002,3.885371e+003
4.973224e+002,3.888062e+003
4.978045e+002,3.889511e+003
4.982866e+002,3.886414e+003
4.987687e+002,3.873207e+003
4.992509e+002,3.856347e+003
4.997330e+002,3.844913e+003
5.002151e+002,3.839190e+003
5.006972e+002,3.834415e+003
5.011793e+002,3.827775e+003
5.016614e+002,3.819367e+003
5.021436e+002,3.811279e+003
5.026257e+002,3.805533e+003
5.031078e+002,3.797458e+003
5.035899e+002,3.787633e+003
5.040720e+002,3.776717e+003
5.045541e+002,3.763509e+003
5.050363e+002,3.748979e+003
5.055184e+002,3.735887e+003
5.060005e+002,3.726027e+003
5.064826e+002,3.717096e+003
5.069647e+002,3.703603e+003
5.074468e+002,3.683799e+003
5.079290e+002,3.666712e+003
5.084111e+002,3.659588e+003
5.088932e+002,3.656257e+003
5.093753e+002,3.647806e+003
5.098574e+002,3.631589e+003
5.103395e+002,3.615414e+003
5.108217e+002,3.604031e+003
5.113038e+002,3.596799e+003
5.117859e+002,3.593093e+003
5.122680e+002,3.592177e+003
5.127501e+002,3.590896e+003
5.132322e+002,3.586705e+003
5.137144e+002,3.579144e+003
5.141965e+002,3.570253e+003
5.146786e+002,3.561137e+003
5.151607e+002,3.557070e+003
5.156428e+002,3.557256e+003
5.161249e+002,3.559590e+003
5.166071e+002,3.563106e+003
5.170892e+002,3.566697e+003
5.175713e+002,3.568334e+003
5.180534e+002,3.566679e+003
5.185355e+002,3.562971e+003
5.190176e+002,3.559937e+003
5.194998e+002,3.557788e+003
5.199819e+002,3.553171e+003
5.204640e+002,3.543178e+003
5.209461e+002,3.529890e+003
5.214282e+002,3.519383e+003
5.219103e+002,3.515539e+003
5.223925e+002,3.510926e+003
5.228746e+002,3.501005e+003
5.233567e+002,3.489223e+003
5.238388e+002,3.479298e+003
5.243209e+002,3.470349e+003
5.248030e+002,3.458724e+003
5.252852e+002,3.442023e+003
5.257673e+002,3.421462e+003
5.262494e+002,3.403929e+003
5.267315e+002,3.388803e+003
5.272136e+002,3.375735e+003
5.276957e+002,3.367583e+003
5.281779e+002,3.362187e+003
5.286600e+002,3.356548e+003
5.291421e+002,3.349891e+003
5.296242e+002,3.343899e+003
5.301063e+002,3.340344e+003
5.305884e+002,3.337718e+003
5.310706e+002,3.333308e+003
5.315527e+002,3.327324e+003
5.320348e+002,3.321958e+003
5.325169e+002,3.317946e+003
5.329990e+002,3.314530e+003
5.334811e+002,3.311902e+003
5.339633e+002,3.314953e+003
5.344454e+002,3.313542e+003
5.349275e+002,3.303870e+003
5.354096e+002,3.293276e+003
5.358917e+002,3.287603e+003
5.363738e+002,3.285897e+003
5.368560e+002,3.282974e+003
5.373381e+002,3.274933e+003
5.378202e+002,3.262631e+003
5.383023e+002,3.249207e+003
5.387844e+002,3.234563e+003
5.392665e+002,3.223916e+003
5.397487e+002,3.220580e+003
5.402308e+002,3.219557e+003
5.407129e+002,3.214826e+003
5.411950e+002,3.205953e+003
5.416771e+002,3.197177e+003
5.421592e+002,3.188342e+003
5.426414e+002,3.181319e+003
5.431235e+002,3.179820e+003
5.436056e+002,3.182550e+003
5.440877e+002,3.182905e+003
5.445698e+002,3.176184e+003
5.450519e+002,3.164668e+003
5.455341e+002,3.158747e+003
5.460162e+002,3.163134e+003
5.464983e+002,3.169006e+003
5.469804e+002,3.176047e+003
5.474625e+002,3.180095e+003
5.479446e+002,3.176579e+003
5.484268e+002,3.166742e+003
5.489089e+002,3.157223e+003
5.493910e+002,3.151049e+003
5.498731e+002,3.148190e+003
5.503552e+002,3.148896e+003
5.508373e+002,3.151200e+003
5.513195e+002,3.149740e+003
5.518016e+002,3.143597e+003
5.522837e+002,3.135953e+003
5.527658e+002,3.130713e+003
5.532479e+002,3.126371e+003
5.537300e+002,3.123083e+003
5.542122e+002,3.122102e+003
5.546943e+002,3.122805e+003
5.551764e+002,3.126200e+003
5.556585e+002,3.130722e+003
5.561406e+002,3.132497e+003
5.566227e+002,3.128296e+003
5.571049e+002,3.120116e+003
5.575870e+002,3.113771e+003
5.580691e+002,3.111104e+003
5.585512e+002,3.109812e+003
5.590333e+002,3.108308e+003
5.595154e+002,3.106015e+003
5.599976e+002,3.101745e+003
5.604797e+002,3.095374e+003
5.609618e+002,3.091536e+003
5.614439e+002,3.093466e+003
5.619260e+002,3.097526e+003
5.624081e+002,3.101770e+003
5.628903e+002,3.105336e+003
5.633724e+002,3.107466e+003
5.638545e+002,3.107417e+003
5.643366e+002,3.104631e+003
5.648187e+002,3.099155e+003
5.653008e+002,3.091259e+003
5.657830e+002,3.083157e+003
5.662651e+002,3.075360e+003
5.667472e+002,3.068914e+003
5.672293e+002,3.063377e+003
5.677114e+002,3.058636e+003
5.681935e+002,3.054418e+003
5.686757e+002,3.050272e+003
5.691578e+002,3.046527e+003
5.696399e+002,3.043929e+003
5.701220e+002,3.041755e+003
5.706041e+002,3.038675e+003
5.710862e+002,3.034271e+003
5.715684e+002,3.028898e+003
5.720505e+002,3.023427e+003
5.725326e+002,3.019021e+003
5.730147e+002,3.015608e+003
5.734968e+002,3.011775e+003
5.739789e+002,3.008630e+003
5.744611e+002,3.006821e+003
5.749432e+002,3.004480e+003
5.754253e+002,2.999892e+003
5.759074e+002,2.992164e+003
5.763895e+002,2.984543e+003
5.768716e+002,2.978781e+003
5.773538e+002,2.975105e+003
5.778359e+002,2.976450e+003
5.783180e+002,2.983878e+003
5.788001e+002,2.988839e+003
5.792822e+002,2.982638e+003
5.797643e+002,2.966379e+003
5.802465e+002,2.955856e+003
5.807286e+002,2.958267e+003
5.812107e+002,2.958018e+003
5.816928e+002,2.952488e+003
5.821749e+002,2.946636e+003
5.826570e+002,2.943675e+003
5.831392e+002,2.943052e+003
5.836213e+002,2.943226e+003
5.841034e+002,2.944859e+003
5.845855e+002,2.947646e+003
5.850676e+002,2.949828e+003
5.855497e+002,2.951717e+003
5.860319e+002,2.954033e+003
5.865140e+002,2.956227e+003
5.869961e+002,2.957365e+003
5.874782e+002,2.956539e+003
5.879603e+002,2.951136e+003
5.884424e+002,2.952657e+003
5.889246e+002,2.965905e+003
5.894067e+002,2.980732e+003
5.898888e+002,2.991823e+003
5.903709e+002,2.998409e+003
5.908530e+002,3.001410e+003
5.913351e+002,3.002113e+003
5.918173e+002,3.003871e+003
5.922994e+002,3.010552e+003
5.927815e+002,3.021172e+003
5.932636e+002,3.029982e+003
5.937457e+002,3.034011e+003
5.942278e+002,3.034575e+003
5.947100e+002,3.034883e+003
5.951921e+002,3.036729e+003
5.956742e+002,3.041780e+003
5.961563e+002,3.049780e+003
5.966384e+002,3.059721e+003
5.971205e+002,3.072003e+003
5.976027e+002,3.084941e+003
5.980848e+002,3.096200e+003
5.985669e+002,3.105393e+003
5.990490e+002,3.115459e+003
5.995311e+002,3.131582e+003
6.000132e+002,3.152692e+003
6.004954e+002,3.168255e+003
6.009775e+002,3.177749e+003
6.014596e+002,3.183489e+003
6.019417e+002,3.184128e+003
6.024238e+002,3.181101e+003
6.029059e+002,3.182051e+003
6.033881e+002,3.193864e+003
6.038702e+002,3.200010e+003
6.043523e+002,3.194196e+003
6.048344e+002,3.184236e+003
6.053165e+002,3.175618e+003
6.057986e+002,3.168294e+003
6.062808e+002,3.160071e+003
6.067629e+002,3.149359e+003
6.072450e+002,3.138241e+003
6.077271e+002,3.131903e+003
6.082092e+002,3.130579e+003
6.086913e+002,3.127874e+003
6.091735e+002,3.121806e+003
6.096556e+002,3.114839e+003
6.101377e+002,3.109645e+003
6.106198e+002,3.104989e+003
6.111019e+002,3.100230e+003
6.115840e+002,3.096822e+003
6.120662e+002,3.092359e+003
6.125483e+002,3.085448e+003
6.130304e+002,3.078216e+003
6.135125e+002,3.072954e+003
6.139946e+002,3.069605e+003
6.144767e+002,3.066448e+003
6.149589e+002,3.062990e+003
6.154410e+002,3.060427e+003
6.159231e+002,3.056535e+003
6.164052e+002,3.049098e+003
6.168873e+002,3.042473e+003
6.173694e+002,3.038839e+003
6.178516e+002,3.036656e+003
6.183337e+002,3.035020e+003
6.188158e+002,3.038993e+003
6.192979e+002,3.041894e+003
6.197800e+002,3.039653e+003
6.202621e+002,3.035163e+003
6.207443e+002,3.031299e+003
6.212264e+002,3.028948e+003
6.217085e+002,3.027999e+003
6.221906e+002,3.027766e+003
6.226727e+002,3.028311e+003
6.231548e+002,3.031179e+003
6.236370e+002,3.036027e+003
6.241191e+002,3.038507e+003
6.246012e+002,3.037183e+003
6.250833e+002,3.035181e+003
6.255654e+002,3.036819e+003
6.260475e+002,3.043396e+003
6.265297e+002,3.049059e+003
6.270118e+002,3.050966e+003
6.274939e+002,3.051523e+003
6.279760e+002,3.052619e+003
6.284581e+002,3.054990e+003
6.289402e+002,3.058690e+003
6.294224e+002,3.063553e+003
6.299045e+002,3.069768e+003
6.303866e+002,3.077496e+003
6.308687e+002,3.084633e+003
6.313508e+002,3.087174e+003
6.318329e+002,3.085818e+003
6.323151e+002,3.083752e+003
6.327972e+002,3.083131e+003
6.332793e+002,3.085039e+003
6.337614e+002,3.087887e+003
6.342435e+002,3.092044e+003
6.347256e+002,3.093597e+003
6.352078e+002,3.089855e+003
6.356899e+002,3.084093e+003
6.361720e+002,3.079276e+003
6.366541e+002,3.076070e+003
6.371362e+002,3.074492e+003
6.376183e+002,3.075890e+003
6.381005e+002,3.077708e+003
6.385826e+002,3.073171e+003
6.390647e+002,3.063040e+003
6.395468e+002,3.056730e+003
6.400289e+002,3.058047e+003
6.405110e+002,3.061961e+003
6.409932e+002,3.061538e+003
6.414753e+002,3.056813e+003
6.419574e+002,3.052761e+003
6.424395e+002,3.047679e+003
6.429216e+002,3.041922e+003
6.434037e+002,3.035939e+003
6.438859e+002,3.029857e+003
6.443680e+002,3.023467e+003
6.448501e+002,3.016718e+003
6.453322e+002,3.013682e+003
6.458143e+002,3.019918e+003
6.462964e+002,3.031269e+003
6.467786e+002,3.037624e+003
6.472607e+002,3.037823e+003
6.477428e+002,3.034936e+003
6.482249e+002,3.030826e+003
6.487070e+002,3.026580e+003
6.491891e+002,3.024484e+003
6.496713e+002,3.029479e+003
6.501534e+002,3.030989e+003
6.506355e+002,3.022410e+003
6.511176e+002,3.011818e+003
6.515997e+002,3.006656e+003
6.520818e+002,3.006609e+003
6.525640e+002,3.005761e+003
6.530461e+002,3.000922e+003
6.535282e+002,2.994894e+003
6.540103e+002,2.989925e+003
6.544924e+002,2.985337e+003
6.549745e+002,2.979793e+003
6.554567e+002,2.972848e+003
6.559388e+002,2.966536e+003
6.564209e+002,2.963919e+003
6.569030e+002,2.965930e+003
6.573851e+002,2.967231e+003
6.578672e+002,2.965935e+003
6.583494e+002,2.963989e+003
6.588315e+002,2.963176e+003
6.593136e+002,2.962150e+003
6.597957e+002,2.959253e+003
6.602778e+002,2.954552e+003
6.607599e+002,2.950593e+003
6.612421e+002,2.948661e+003
6.617242e+002,2.946650e+003
6.622063e+002,2.941711e+003
6.626884e+002,2.934833e+003
6.631705e+002,2.930005e+003
6.636526e+002,2.929376e+003
6.641348e+002,2.931070e+003
6.646169e+002,2.931112e+003
6.650990e+002,2.928322e+003
6.655811e+002,2.927933e+003
6.660632e+002,2.933333e+003
6.665453e+002,2.940484e+003
6.670275e+002,2.943914e+003
6.675096e+002,2.944777e+003
6.679917e+002,2.951251e+003
6.684738e+002,2.969940e+003
6.689559e+002,2.988487e+003
6.694380e+002,3.001925e+003
6.699202e+002,3.013333e+003
6.704023e+002,3.026525e+003
6.708844e+002,3.041227e+003
6.713665e+002,3.053725e+003
6.718486e+002,3.060382e+003
6.723307e+002,3.064085e+003
6.728129e+002,3.073070e+003
6.732950e+002,3.087391e+003
6.737771e+002,3.097184e+003
6.742592e+002,3.098492e+003
6.747413e+002,3.093751e+003
6.752234e+002,3.086224e+003
6.757056e+002,3.074124e+003
6.761877e+002,3.063542e+003
6.766698e+002,3.057004e+003
6.771519e+002,3.050285e+003
6.776340e+002,3.041682e+003
6.781161e+002,3.032748e+003
6.785983e+002,3.024404e+003
6.790804e+002,3.016246e+003
6.795625e+002,3.010914e+003
6.800446e+002,3.012550e+003
6.805267e+002,3.017989e+003
6.810089e+002,3.021966e+003
6.814910e+002,3.024047e+003
6.819731e+002,3.024413e+003
6.824552e+002,3.023004e+003
6.829373e+002,3.020402e+003
6.834194e+002,3.017078e+003
6.839016e+002,3.009733e+003
6.843837e+002,3.005672e+003
6.848658e+002,3.011111e+003
6.853479e+002,3.016366e+003
6.858300e+002,3.014885e+003
6.863121e+002,3.009132e+003
6.867943e+002,3.005998e+003
6.872764e+002,3.008957e+003
6.877585e+002,3.012602e+003
6.882406e+002,3.013260e+003
6.887227e+002,3.011936e+003
6.892048e+002,3.010546e+003
6.896870e+002,3.009835e+003
6.901691e+002,3.009644e+003
6.906512e+002,3.009643e+003
6.911333e+002,3.009700e+003
6.916154e+002,3.008975e+003
6.920975e+002,3.006463e+003
6.925797e+002,3.004800e+003
6.930618e+002,3.006133e+003
6.935439e+002,3.011008e+003
6.940260e+002,3.019010e+003
6.945081e+002,3.030362e+003
6.949902e+002,3.038345e+003
6.954724e+002,3.039904e+003
6.959545e+002,3.039305e+003
6.964366e+002,3.040638e+003
6.969187e+002,3.042137e+003
6.974008e+002,3.040575e+003
6.978829e+002,3.035275e+003
6.983651e+002,3.027323e+003
6.988472e+002,3.015637e+003
6.993293e+002,3.001594e+003
6.998114e+002,2.987253e+003
7.002935e+002,2.973128e+003
7.007756e+002,2.961824e+003
7.012578e+002,2.955069e+003
7.017399e+002,2.950123e+003
7.022220e+002,2.940747e+003
7.027041e+002,2.925109e+003
7.031862e+002,2.914681e+003
7.036683e+002,2.914019e+003
7.041505e+002,2.913840e+003
7.046326e+002,2.906115e+003
7.051147e+002,2.894153e+003
7.055968e+002,2.886614e+003
7.060789e+002,2.887544e+003
7.065610e+002,2.888461e+003
7.070432e+002,2.884851e+003
7.075253e+002,2.879654e+003
7.080074e+002,2.877190e+003
7.084895e+002,2.878039e+003
7.089716e+002,2.879539e+003
7.094537e+002,2.880120e+003
7.099359e+002,2.879840e+003
7.104180e+002,2.877579e+003
7.109001e+002,2.872767e+003
7.113822e+002,2.868013e+003
7.118643e+002,2.864606e+003
7.123464e+002,2.861884e+003
7.128286e+002,2.858329e+003
7.133107e+002,2.853047e+003
7.137928e+002,2.849527e+003
7.142749e+002,2.847592e+003
7.147570e+002,2.845481e+003
7.152391e+002,2.845026e+003
7.157213e+002,2.846838e+003
7.162034e+002,2.850450e+003
7.166855e+002,2.854735e+003
7.171676e+002,2.858056e+003
7.176497e+002,2.861445e+003
7.181318e+002,2.864198e+003
7.186140e+002,2.864727e+003
7.190961e+002,2.863719e+003
7.195782e+002,2.862067e+003
7.200603e+002,2.859532e+003
7.205424e+002,2.856811e+003
7.210245e+002,2.857143e+003
7.215067e+002,2.861351e+003
7.219888e+002,2.861765e+003
7.224709e+002,2.855786e+003
7.229530e+002,2.847917e+003
7.234351e+002,2.840457e+003
7.239172e+002,2.834129e+003
7.243994e+002,2.829797e+003
7.248815e+002,2.829538e+003
7.253636e+002,2.831201e+003
7.258457e+002,2.834624e+003
7.263278e+002,2.834542e+003
7.268099e+002,2.826796e+003
7.272921e+002,2.815821e+003
7.277742e+002,2.810299e+003
7.282563e+002,2.815912e+003
7.287384e+002,2.823590e+003
7.292205e+002,2.821915e+003
7.297026e+002,2.814824e+003
7.301848e+002,2.813802e+003
7.306669e+002,2.819654e+003
7.311490e+002,2.822338e+003
7.316311e+002,2.814718e+003
7.321132e+002,2.802390e+003
7.325953e+002,2.797589e+003
7.330775e+002,2.798680e+003
7.335596e+002,2.799032e+003
7.340417e+002,2.799554e+003
7.345238e+002,2.799413e+003
7.350059e+002,2.798197e+003
7.354880e+002,2.796160e+003
7.359702e+002,2.795018e+003
7.364523e+002,2.793045e+003
7.369344e+002,2.790644e+003
7.374165e+002,2.788937e+003
7.378986e+002,2.789064e+003
7.383807e+002,2.792356e+003
7.388629e+002,2.797847e+003
7.393450e+002,2.800885e+003
7.398271e+002,2.797733e+003
7.403092e+002,2.791230e+003
7.407913e+002,2.783617e+003
7.412734e+002,2.775984e+003
7.417556e+002,2.770325e+003
7.422377e+002,2.766989e+003
7.427198e+002,2.765805e+003
7.432019e+002,2.767957e+003
7.436840e+002,2.773150e+003
7.441661e+002,2.773364e+003
7.446483e+002,2.766864e+003
7.451304e+002,2.761880e+003
7.456125e+002,2.762403e+003
7.460946e+002,2.765853e+003
7.465767e+002,2.766978e+003
7.470588e+002,2.762332e+003
7.475410e+002,2.759035e+003
7.480231e+002,2.758653e+003
7.485052e+002,2.758237e+003
7.489873e+002,2.758867e+003
7.494694e+002,2.761110e+003
7.499515e+002,2.763676e+003
7.504337e+002,2.765683e+003
7.509158e+002,2.766698e+003
7.513979e+002,2.764929e+003
7.518800e+002,2.763028e+003
7.523621e+002,2.765256e+003
7.528442e+002,2.770615e+003
7.533264e+002,2.775012e+003
7.538085e+002,2.776785e+003
7.542906e+002,2.777975e+003
7.547727e+002,2.781804e+003
7.552548e+002,2.788592e+003
7.557369e+002,2.796060e+003
7.562191e+002,2.803351e+003
7.567012e+002,2.810624e+003
7.571833e+002,2.818480e+003
7.576654e+002,2.826398e+003
7.581475e+002,2.832948e+003
7.586296e+002,2.837655e+003
7.591118e+002,2.842647e+003
7.595939e+002,2.849265e+003
7.600760e+002,2.854568e+003
7.605581e+002,2.856074e+003
7.610402e+002,2.855528e+003
7.615223e+002,2.856800e+003
7.620045e+002,2.862219e+003
7.624866e+002,2.865953e+003
7.629687e+002,2.862703e+003
7.634508e+002,2.856100e+003
7.639329e+002,2.851508e+003
7.644150e+002,2.849125e+003
7.648972e+002,2.845693e+003
7.653793e+002,2.839009e+003
7.658614e+002,2.831403e+003
7.663435e+002,2.827201e+003
7.668256e+002,2.825813e+003
7.673077e+002,2.823528e+003
7.677899e+002,2.819709e+003
7.682720e+002,2.816314e+003
7.687541e+002,2.815424e+003
7.692362e+002,2.816667e+003
7.697183e+002,2.815364e+003
7.702004e+002,2.806653e+003
7.706826e+002,2.798993e+003
7.711647e+002,2.796134e+003
7.716468e+002,2.795197e+003
7.721289e+002,2.793540e+003
7.726110e+002,2.791625e+003
7.730931e+002,2.792609e+003
7.735753e+002,2.798841e+003
7.740574e+002,2.805979e+003
7.745395e+002,2.812558e+003
7.750216e+002,2.818753e+003
7.755037e+002,2.824724e+003
7.759858e+002,2.829863e+003
7.764680e+002,2.833194e+003
7.769501e+002,2.835329e+003
7.774322e+002,2.835700e+003
7.779143e+002,2.830687e+003
7.783964e+002,2.822093e+003
7.788785e+002,2.818670e+003
7.793607e+002,2.822695e+003
7.798428e+002,2.827377e+003
7.803249e+002,2.825164e+003
7.808070e+002,2.816516e+003
7.812891e+002,2.809618e+003
7.817712e+002,2.805981e+003
7.822534e+002,2.802434e+003
7.827355e+002,2.795537e+003
7.832176e+002,2.788128e+003
7.836997e+002,2.785679e+003
7.841818e+002,2.789219e+003
7.846639e+002,2.787299e+003
7.851461e+002,2.776983e+003
7.856282e+002,2.768147e+003
7.861103e+002,2.765335e+003
7.865924e+002,2.764435e+003
7.870745e+002,2.759668e+003
7.875566e+002,2.749088e+003
7.880388e+002,2.737481e+003
7.885209e+002,2.728868e+003
7.890030e+002,2.722763e+003
7.894851e+002,2.717877e+003
7.899672e+002,2.713633e+003
7.904494e+002,2.709401e+003
7.909315e+002,2.704501e+003
7.914136e+002,2.698844e+003
7.918958e+002,2.694067e+003
7.923779e+002,2.690651e+003
7.928600e+002,2.684826e+003
7.933421e+002,2.675513e+003
7.938242e+002,2.666958e+003
7.943063e+002,2.661334e+003
7.947885e+002,2.658949e+003
7.952706e+002,2.659144e+003
7.957527e+002,2.661501e+003
7.962348e+002,2.662143e+003
7.967169e+002,2.660823e+003
7.971990e+002,2.656266e+003
7.976812e+002,2.647767e+003
7.981633e+002,2.639337e+003
7.986454e+002,2.635064e+003
7.991275e+002,2.635929e+003
7.996096e+002,2.636724e+003
8.000917e+002,2.635669e+003
8.005739e+002,2.634030e+003
8.010560e+002,2.633020e+003
8.015381e+002,2.632443e+003
8.020202e+002,2.631792e+003
8.025023e+002,2.631063e+003
8.029844e+002,2.629902e+003
8.034666e+002,2.626720e+003
8.039487e+002,2.623041e+003
8.044308e+002,2.622178e+003
8.049129e+002,2.623644e+003
8.053950e+002,2.624093e+003
8.058771e+002,2.621906e+003
8.063593e+002,2.618563e+003
8.068414e+002,2.615315e+003
8.073235e+002,2.612350e+003
8.078056e+002,2.613081e+003
8.082877e+002,2.617852e+003
8.087698e+002,2.622429e+003
8.092520e+002,2.625192e+003
8.097341e+002,2.626534e+003
8.102162e+002,2.625713e+003
8.106983e+002,2.619200e+003
8.111804e+002,2.617342e+003
8.116625e+002,2.626450e+003
8.121447e+002,2.633529e+003
8.126268e+002,2.629491e+003
8.131089e+002,2.619866e+003
8.135910e+002,2.615827e+003
8.140731e+002,2.620349e+003
8.145552e+002,2.623165e+003
8.150374e+002,2.621477e+003
8.155195e+002,2.618909e+003
8.160016e+002,2.618677e+003
8.164837e+002,2.619651e+003
8.169658e+002,2.618282e+003
8.174479e+002,2.612349e+003
8.179301e+002,2.606119e+003
8.184122e+002,2.603159e+003
8.188943e+002,2.602782e+003
8.193764e+002,2.603915e+003
8.198585e+002,2.606221e+003
8.203406e+002,2.608918e+003
8.208228e+002,2.610851e+003
8.213049e+002,2.612447e+003
8.217870e+002,2.615242e+003
8.222691e+002,2.619411e+003
8.227512e+002,2.625904e+003
8.232333e+002,2.635108e+003
8.237155e+002,2.643066e+003
8.241976e+002,2.647635e+003
8.246797e+002,2.651019e+003
8.251618e+002,2.654903e+003
8.256439e+002,2.657805e+003
8.261260e+002,2.661384e+003
8.266082e+002,2.664964e+003
8.270903e+002,2.665436e+003
8.275724e+002,2.662157e+003
8.280545e+002,2.658443e+003
8.285366e+002,2.660255e+003
8.290187e+002,2.671477e+003
8.295009e+002,2.678174e+003
8.299830e+002,2.677822e+003
8.304651e+002,2.673781e+003
8.309472e+002,2.668397e+003
8.314293e+002,2.662573e+003
8.319114e+002,2.656269e+003
8.323936e+002,2.647151e+003
8.328757e+002,2.640811e+003
8.333578e+002,2.643150e+003
8.338399e+002,2.647944e+003
8.343220e+002,2.648148e+003
8.348041e+002,2.643112e+003
8.352863e+002,2.635758e+003
8.357684e+002,2.627969e+003
8.362505e+002,2.621773e+003
8.367326e+002,2.618870e+003
8.372147e+002,2.619000e+003
8.376968e+002,2.621671e+003
8.381790e+002,2.625552e+003
8.386611e+002,2.627695e+003
8.391432e+002,2.626295e+003
8.396253e+002,2.623439e+003
8.401074e+002,2.625302e+003
8.405895e+002,2.632080e+003
8.410717e+002,2.632861e+003
8.415538e+002,2.625414e+003
8.420359e+002,2.618333e+003
8.425180e+002,2.616948e+003
8.430001e+002,2.619244e+003
8.434822e+002,2.621044e+003
8.439644e+002,2.622651e+003
8.444465e+002,2.625399e+003
8.449286e+002,2.631631e+003
8.454107e+002,2.637524e+003
8.458928e+002,2.638201e+003
8.463749e+002,2.634402e+003
8.468571e+002,2.631690e+003
8.473392e+002,2.632960e+003
8.478213e+002,2.633474e+003
8.483034e+002,2.630946e+003
8.487855e+002,2.628580e+003
8.492676e+002,2.629602e+003
8.497498e+002,2.632853e+003
8.502319e+002,2.634252e+003
8.507140e+002,2.631415e+003
8.511961e+002,2.628655e+003
8.516782e+002,2.628784e+003
8.521603e+002,2.630595e+003
8.526425e+002,2.631991e+003
8.531246e+002,2.631860e+003
8.536067e+002,2.630531e+003
8.540888e+002,2.628840e+003
8.545709e+002,2.628172e+003
8.550530e+002,2.631796e+003
8.555352e+002,2.638104e+003
8.560173e+002,2.640388e+003
8.564994e+002,2.637418e+003
8.569815e+002,2.634485e+003
8.574636e+002,2.635765e+003
8.579457e+002,2.639925e+003
8.584279e+002,2.643658e+003
8.589100e+002,2.647096e+003
8.593921e+002,2.650313e+003
8.598742e+002,2.652552e+003
8.603563e+002,2.653727e+003
8.608384e+002,2.654437e+003
8.613206e+002,2.655417e+003
8.618027e+002,2.656626e+003
8.622848e+002,2.657231e+003
8.627669e+002,2.661565e+003
8.632490e+002,2.671106e+003
8.637311e+002,2.678791e+003
8.642133e+002,2.680642e+003
8.646954e+002,2.679284e+003
8.651775e+002,2.680378e+003
8.656596e+002,2.683587e+003
8.661417e+002,2.690458e+003
8.666238e+002,2.703333e+003
8.671060e+002,2.713965e+003
8.675881e+002,2.718602e+003
8.680702e+002,2.719091e+003
8.685523e+002,2.718840e+003
8.690344e+002,2.717211e+003
8.695165e+002,2.716260e+003
8.699987e+002,2.718774e+003
8.704808e+002,2.719852e+003
8.709629e+002,2.714486e+003
8.714450e+002,2.705617e+003
8.719271e+002,2.700126e+003
8.724092e+002,2.700567e+003
8.728914e+002,2.700463e+003
8.733735e+002,2.695472e+003
8.738556e+002,2.689330e+003
8.743377e+002,2.685987e+003
8.748198e+002,2.686190e+003
8.753019e+002,2.689060e+003
8.757841e+002,2.693302e+003
8.762662e+002,2.696618e+003
8.767483e+002,2.697375e+003
8.772304e+002,2.696246e+003
8.777125e+002,2.694219e+003
8.781946e+002,2.691884e+003
8.786768e+002,2.689964e+003
8.791589e+002,2.689016e+003
8.796410e+002,2.688506e+003
8.801231e+002,2.685863e+003
8.806052e+002,2.680996e+003
8.810873e+002,2.678570e+003
8.815695e+002,2.678300e+003
8.820516e+002,2.677948e+003
8.825337e+002,2.677500e+003
8.830158e+002,2.679199e+003
8.834979e+002,2.683660e+003
8.839800e+002,2.688772e+003
8.844622e+002,2.701979e+003
8.849443e+002,2.724513e+003
8.854264e+002,2.748835e+003
8.859085e+002,2.769897e+003
8.863906e+002,2.793246e+003
8.868727e+002,2.829787e+003
8.873549e+002,2.880844e+003
8.878370e+002,2.942354e+003
8.883191e+002,3.012582e+003
8.888012e+002,3.097475e+003
8.892833e+002,3.205939e+003
8.897654e+002,3.327644e+003
8.902476e+002,3.450358e+003
8.907297e+002,3.583601e+003
8.912118e+002,3.671538e+003
8.916939e+002,3.708244e+003
8.921760e+002,3.700969e+003
8.926581e+002,3.641861e+003
8.931403e+002,3.548048e+003
8.936224e+002,3.435950e+003
8.941045e+002,3.303797e+003
8.945866e+002,3.177089e+003
8.950687e+002,3.063506e+003
8.955508e+002,2.966182e+003
8.960330e+002,2.889876e+003
8.965151e+002,2.829990e+003
8.969972e+002,2.780127e+003
8.974793e+002,2.738469e+003
8.979614e+002,2.701567e+003
8.984435e+002,2.665149e+003
8.989257e+002,2.633965e+003
8.994078e+002,2.616882e+003
8.998899e+002,2.609116e+003
9.003720e+002,2.599364e+003
9.008541e+002,2.584321e+003
9.013362e+002,2.569240e+003
9.018184e+002,2.559385e+003
9.023005e+002,2.552463e+003
9.027826e+002,2.543574e+003
9.032647e+002,2.533983e+003
9.037468e+002,2.528359e+003
9.042289e+002,2.527960e+003
9.047111e+002,2.529846e+003
9.051932e+002,2.531289e+003
9.056753e+002,2.531776e+003
9.061574e+002,2.529845e+003
9.066395e+002,2.526296e+003
9.071216e+002,2.527288e+003
9.076038e+002,2.535384e+003
9.080859e+002,2.545860e+003
9.085680e+002,2.552368e+003
9.090501e+002,2.554007e+003
9.095322e+002,2.554420e+003
9.100143e+002,2.553900e+003
9.104965e+002,2.554397e+003
9.109786e+002,2.557260e+003
9.114607e+002,2.561048e+003
9.119428e+002,2.564296e+003
9.124249e+002,2.566817e+003
9.129070e+002,2.565576e+003
9.133892e+002,2.559448e+003
9.138713e+002,2.554963e+003
9.143534e+002,2.552681e+003
9.148355e+002,2.550278e+003
9.153176e+002,2.546817e+003
9.157997e+002,2.542713e+003
9.162819e+002,2.538401e+003
9.167640e+002,2.534629e+003
9.172461e+002,2.533044e+003
9.177282e+002,2.533116e+003
9.182103e+002,2.532557e+003
9.186924e+002,2.531160e+003
9.191746e+002,2.528656e+003
9.196567e+002,2.522299e+003
9.201388e+002,2.507030e+003
9.206209e+002,2.496391e+003
9.211030e+002,2.495809e+003
9.215851e+002,2.494605e+003
9.220673e+002,2.484668e+003
9.225494e+002,2.470039e+003
9.230315e+002,2.460894e+003
9.235136e+002,2.461111e+003
9.239957e+002,2.459839e+003
9.244778e+002,2.451978e+003
9.249600e+002,2.442737e+003
9.254421e+002,2.437631e+003
9.259242e+002,2.436190e+003
9.264063e+002,2.434524e+003
9.268884e+002,2.430926e+003
9.273705e+002,2.428216e+003
9.278527e+002,2.429509e+003
9.283348e+002,2.431503e+003
9.288169e+002,2.429637e+003
9.292990e+002,2.424692e+003
9.297811e+002,2.421433e+003
9.302632e+002,2.423237e+003
9.307454e+002,2.424818e+003
9.312275e+002,2.419809e+003
9.317096e+002,2.411365e+003
9.321917e+002,2.403070e+003
9.326738e+002,2.396104e+003
9.331559e+002,2.391991e+003
9.336381e+002,2.391841e+003
9.341202e+002,2.393190e+003
9.346023e+002,2.391593e+003
9.350844e+002,2.388437e+003
9.355665e+002,2.388129e+003
9.360486e+002,2.390676e+003
9.365308e+002,2.394020e+003
9.370129e+002,2.397394e+003
9.374950e+002,2.400082e+003
9.379771e+002,2.401536e+003
9.384592e+002,2.401287e+003
9.389413e+002,2.397331e+003
9.394235e+002,2.390997e+003
9.399056e+002,2.387573e+003
9.403877e+002,2.388724e+003
9.408698e+002,2.392245e+003
9.413519e+002,2.395836e+003
9.418340e+002,2.399146e+003
9.423162e+002,2.401659e+003
9.427983e+002,2.403382e+003
9.432804e+002,2.405657e+003
9.437625e+002,2.409664e+003
9.442446e+002,2.414049e+003
9.447267e+002,2.416393e+003
9.452089e+002,2.416036e+003
9.456910e+002,2.412217e+003
9.461731e+002,2.404424e+003
9.466552e+002,2.397825e+003
9.471373e+002,2.394602e+003
9.476194e+002,2.392911e+003
9.481016e+002,2.390526e+003
9.485837e+002,2.387821e+003
9.490658e+002,2.387033e+003
9.495479e+002,2.388175e+003
9.500300e+002,2.389680e+003
9.505121e+002,2.391095e+003
9.509943e+002,2.392963e+003
9.514764e+002,2.396035e+003
9.519585e+002,2.399558e+003
9.524406e+002,2.400683e+003
9.529227e+002,2.399171e+003
9.534048e+002,2.399137e+003
9.538870e+002,2.400972e+003
9.543691e+002,2.404771e+003
9.548512e+002,2.411291e+003
9.553333e+002,2.419878e+003
9.558154e+002,2.425829e+003
9.562975e+002,2.427727e+003
9.567797e+002,2.429282e+003
9.572618e+002,2.429520e+003
9.577439e+002,2.428729e+003
9.582260e+002,2.427900e+003
9.587081e+002,2.427965e+003
9.591902e+002,2.429569e+003
9.596724e+002,2.432776e+003
9.601545e+002,2.437221e+003
9.606366e+002,2.444484e+003
9.611187e+002,2.449871e+003
9.616008e+002,2.450328e+003
9.620829e+002,2.448684e+003
9.625651e+002,2.450230e+003
9.630472e+002,2.456997e+003
9.635293e+002,2.459030e+003
9.640114e+002,2.452794e+003
9.644935e+002,2.446342e+003
9.649756e+002,2.443332e+003
9.654578e+002,2.442825e+003
9.659399e+002,2.442405e+003
9.664220e+002,2.441708e+003
9.669041e+002,2.441448e+003
9.673862e+002,2.441997e+003
9.678683e+002,2.440207e+003
9.683505e+002,2.435244e+003
9.688326e+002,2.428853e+003
9.693147e+002,2.422062e+003
9.697968e+002,2.414950e+003
9.702789e+002,2.412296e+003
9.707610e+002,2.418807e+003
9.712432e+002,2.422371e+003
9.717253e+002,2.417261e+003
9.722074e+002,2.409742e+003
9.726895e+002,2.406263e+003
9.731716e+002,2.406931e+003
9.736537e+002,2.406508e+003
9.741359e+002,2.402482e+003
9.746180e+002,2.399153e+003
9.751001e+002,2.398946e+003
9.755822e+002,2.400110e+003
9.760643e+002,2.400840e+003
9.765464e+002,2.401266e+003
9.770286e+002,2.402047e+003
9.775107e+002,2.402081e+003
9.779928e+002,2.401971e+003
9.784749e+002,2.401904e+003
9.789570e+002,2.402129e+003
9.794391e+002,2.403145e+003
9.799213e+002,2.405949e+003
9.804034e+002,2.411152e+003
9.808855e+002,2.419685e+003
9.813676e+002,2.427244e+003
9.818497e+002,2.431529e+003
9.823318e+002,2.435135e+003
9.828140e+002,2.441030e+003
9.832961e+002,2.447338e+003
9.837782e+002,2.449792e+003
9.842603e+002,2.445999e+003
9.847424e+002,2.444206e+003
9.852245e+002,2.450842e+003
9.857067e+002,2.458523e+003
9.861888e+002,2.461781e+003
9.866709e+002,2.461151e+003
9.871530e+002,2.458246e+003
9.876351e+002,2.452473e+003
9.881172e+002,2.449010e+003
9.885994e+002,2.453263e+003
9.890815e+002,2.457948e+003
9.895636e+002,2.457895e+003
9.900457e+002,2.455138e+003
9.905278e+002,2.453212e+003
9.910099e+002,2.452941e+003
9.914921e+002,2.452010e+003
9.919742e+002,2.447758e+003
9.924563e+002,2.446943e+003
9.929384e+002,2.454052e+003
9.934205e+002,2.463801e+003
9.939026e+002,2.470560e+003
9.943848e+002,2.473383e+003
9.948669e+002,2.474512e+003
9.953490e+002,2.474957e+003
9.958311e+002,2.476462e+003
9.963132e+002,2.479815e+003
9.967953e+002,2.483285e+003
9.972775e+002,2.485725e+003
9.977596e+002,2.486876e+003
9.982417e+002,2.486415e+003
9.987238e+002,2.485307e+003
9.992059e+002,2.480610e+003
9.996880e+002,2.468146e+003
1.000170e+003,2.454425e+003
1.000652e+003,2.445781e+003
1.001134e+003,2.440688e+003
1.001617e+003,2.433792e+003
1.002099e+003,2.422762e+003
1.002581e+003,2.410156e+003
1.003063e+003,2.398797e+003
1.003545e+003,2.388092e+003
1.004027e+003,2.375208e+003
1.004509e+003,2.361457e+003
1.004991e+003,2.350090e+003
1.005473e+003,2.342149e+003
1.005956e+003,2.336036e+003
1.006438e+003,2.331871e+003
1.006920e+003,2.327929e+003
1.007402e+003,2.323487e+003
1.007884e+003,2.318763e+003
1.008366e+003,2.314048e+003
1.008848e+003,2.309456e+003
1.009330e+003,2.305151e+003
1.009813e+003,2.300258e+003
1.010295e+003,2.295794e+003
1.010777e+003,2.293083e+003
1.011259e+003,2.291052e+003
1.011741e+003,2.288198e+003
1.012223e+003,2.284604e+003
1.012705e+003,2.281662e+003
1.013187e+003,2.279686e+003
1.013669e+003,2.279495e+003
1.014152e+003,2.281948e+003
1.014634e+003,2.284697e+003
1.015116e+003,2.285250e+003
1.015598e+003,2.283520e+003
1.016080e+003,2.282468e+003
1.016562e+003,2.286648e+003
1.017044e+003,2.290193e+003
1.017526e+003,2.288767e+003
1.018008e+003,2.285554e+003
1.018491e+003,2.283153e+003
1.018973e+003,2.281283e+003
1.019455e+003,2.278510e+003
1.019937e+003,2.272852e+003
1.020419e+003,2.270648e+003
1.020901e+003,2.277211e+003
1.021383e+003,2.283763e+003
1.021865e+003,2.284044e+003
1.022348e+003,2.280120e+003
1.022830e+003,2.276673e+003
1.023312e+003,2.273776e+003
1.023794e+003,2.271947e+003
1.024276e+003,2.271844e+003
1.024758e+003,2.274660e+003
1.025240e+003,2.282695e+003
1.025722e+003,2.292147e+003
1.026204e+003,2.296897e+003
1.026687e+003,2.295414e+003
1.027169e+003,2.297092e+003
1.027651e+003,2.307479e+003
1.028133e+003,2.319618e+003
1.028615e+003,2.329872e+003
1.029097e+003,2.337910e+003
1.029579e+003,2.343772e+003
1.030061e+003,2.348491e+003
1.030544e+003,2.357079e+003
1.031026e+003,2.373077e+003
1.031508e+003,2.389059e+003
1.031990e+003,2.404350e+003
1.032472e+003,2.416216e+003
1.032954e+003,2.423436e+003
1.033436e+003,2.426406e+003
1.033918e+003,2.425655e+003
1.034401e+003,2.418893e+003
1.034883e+003,2.409252e+003
1.035365e+003,2.398645e+003
1.035847e+003,2.385560e+003
1.036329e+003,2.368343e+003
1.036811e+003,2.348543e+003
1.037293e+003,2.329005e+003
1.037775e+003,2.307784e+003
1.038257e+003,2.288647e+003
1.038740e+003,2.269468e+003
1.039222e+003,2.253926e+003
1.039704e+003,2.247064e+003
1.040186e+003,2.244090e+003
1.040668e+003,2.235301e+003
1.041150e+003,2.216956e+003
1.041632e+003,2.204013e+003
1.042114e+003,2.199940e+003
1.042596e+003,2.196408e+003
1.043079e+003,2.191479e+003
1.043561e+003,2.185880e+003
1.044043e+003,2.179511e+003
1.044525e+003,2.172088e+003
1.045007e+003,2.168362e+003
1.045489e+003,2.170855e+003
1.045971e+003,2.171734e+003
1.046453e+003,2.167133e+003
1.046936e+003,2.162498e+003
1.047418e+003,2.164260e+003
1.047900e+003,2.170836e+003
1.048382e+003,2.169788e+003
1.048864e+003,2.158116e+003
1.049346e+003,2.153760e+003
1.049828e+003,2.161343e+003
1.050310e+003,2.169332e+003
1.050792e+003,2.169722e+003
1.051275e+003,2.164513e+003
1.051757e+003,2.159633e+003
1.052239e+003,2.154971e+003
1.052721e+003,2.152981e+003
1.053203e+003,2.154204e+003
1.053685e+003,2.156205e+003
1.054167e+003,2.158145e+003
1.054649e+003,2.159789e+003
1.055131e+003,2.160292e+003
1.055614e+003,2.159284e+003
1.056096e+003,2.157010e+003
1.056578e+003,2.153497e+003
1.057060e+003,2.151135e+003
1.057542e+003,2.151011e+003
1.058024e+003,2.151023e+003
1.058506e+003,2.148509e+003
1.058988e+003,2.144654e+003
1.059471e+003,2.142389e+003
1.059953e+003,2.141367e+003
1.060435e+003,2.143251e+003
1.060917e+003,2.148269e+003
1.061399e+003,2.152161e+003
1.061881e+003,2.151141e+003
1.062363e+003,2.147654e+003
1.062845e+003,2.145955e+003
1.063328e+003,2.145205e+003
1.063810e+003,2.144891e+003
1.064292e+003,2.144903e+003
1.064774e+003,2.143951e+003
1.065256e+003,2.141389e+003
1.065738e+003,2.138906e+003
1.066220e+003,2.138475e+003
1.066702e+003,2.138841e+003
1.067184e+003,2.137680e+003
1.067667e+003,2.135389e+003
1.068149e+003,2.133978e+003
1.068631e+003,2.134082e+003
1.069113e+003,2.134673e+003
1.069595e+003,2.133477e+003
1.070077e+003,2.132391e+003
1.070559e+003,2.136590e+003
1.071041e+003,2.144289e+003
1.071523e+003,2.149577e+003
1.072006e+003,2.150788e+003
1.072488e+003,2.151885e+003
1.072970e+003,2.155057e+003
1.073452e+003,2.159142e+003
1.073934e+003,2.164947e+003
1.074416e+003,2.170458e+003
1.074898e+003,2.171676e+003
1.075380e+003,2.169200e+003
1.075863e+003,2.169026e+003
1.076345e+003,2.175246e+003
1.076827e+003,2.181794e+003
1.077309e+003,2.187325e+003
1.077791e+003,2.190400e+003
1.078273e+003,2.189566e+003
1.078755e+003,2.185735e+003
1.079237e+003,2.181022e+003
1.079719e+003,2.174586e+003
1.080202e+003,2.170704e+003
1.080684e+003,2.174024e+003
1.081166e+003,2.176990e+003
1.081648e+003,2.173883e+003
1.082130e+003,2.166418e+003
1.082612e+003,2.159017e+003
1.083094e+003,2.153046e+003
1.083576e+003,2.148291e+003
1.084059e+003,2.143471e+003
1.084541e+003,2.140269e+003
1.085023e+003,2.141688e+003
1.085505e+003,2.143539e+003
1.085987e+003,2.140069e+003
1.086469e+003,2.131119e+003
1.086951e+003,2.129737e+003
1.087433e+003,2.139470e+003
1.087916e+003,2.143969e+003
1.088398e+003,2.139077e+003
1.088880e+003,2.133856e+003
1.089362e+003,2.135880e+003
1.089844e+003,2.142898e+003
1.090326e+003,2.144135e+003
1.090808e+003,2.137390e+003
1.091290e+003,2.132828e+003
1.091772e+003,2.132622e+003
1.092255e+003,2.132091e+003
1.092737e+003,2.127731e+003
1.093219e+003,2.122005e+003
1.093701e+003,2.121695e+003
1.094183e+003,2.127064e+003
1.094665e+003,2.129449e+003
1.095147e+003,2.128780e+003
1.095629e+003,2.129258e+003
1.096111e+003,2.131803e+003
1.096594e+003,2.135163e+003
1.097076e+003,2.139422e+003
1.097558e+003,2.144429e+003
1.098040e+003,2.146379e+003
1.098522e+003,2.146276e+003
1.099004e+003,2.149947e+003
1.099486e+003,2.157653e+003
1.099968e+003,2.163402e+003
1.100451e+003,2.162508e+003
1.100933e+003,2.160184e+003
1.101415e+003,2.162913e+003
1.101897e+003,2.169083e+003
1.102379e+003,2.175114e+003
1.102861e+003,2.180207e+003
1.103343e+003,2.186659e+003
1.103825e+003,2.197484e+003
1.104307e+003,2.207387e+003
1.104790e+003,2.208681e+003
1.105272e+003,2.207612e+003
1.105754e+003,2.211137e+003
1.106236e+003,2.218293e+003
1.106718e+003,2.225981e+003
1.107200e+003,2.232718e+003
1.107682e+003,2.238676e+003
1.108164e+003,2.246145e+003
1.108646e+003,2.252346e+003
1.109129e+003,2.254742e+003
1.109611e+003,2.254524e+003
1.110093e+003,2.253188e+003
1.110575e+003,2.251647e+003
1.111057e+003,2.248785e+003
1.111539e+003,2.242653e+003
1.112021e+003,2.239495e+003
1.112503e+003,2.239709e+003
1.112986e+003,2.239651e+003
1.113468e+003,2.238535e+003
1.113950e+003,2.236995e+003
1.114432e+003,2.235605e+003
1.114914e+003,2.233813e+003
1.115396e+003,2.233651e+003
1.115878e+003,2.236784e+003
1.116360e+003,2.237891e+003
1.116843e+003,2.233760e+003
1.117325e+003,2.227398e+003
1.117807e+003,2.223818e+003
1.118289e+003,2.223238e+003
1.118771e+003,2.223325e+003
1.119253e+003,2.224063e+003
1.119735e+003,2.223424e+003
1.120217e+003,2.220899e+003
1.120699e+003,2.219546e+003
1.121182e+003,2.221874e+003
1.121664e+003,2.225711e+003
1.122146e+003,2.227619e+003
1.122628e+003,2.227947e+003
1.123110e+003,2.224901e+003
1.123592e+003,2.219373e+003
1.124074e+003,2.217573e+003
1.124556e+003,2.223350e+003
1.125038e+003,2.232450e+003
1.125521e+003,2.240228e+003
1.126003e+003,2.246866e+003
1.126485e+003,2.252115e+003
1.126967e+003,2.256289e+003
1.127449e+003,2.260528e+003
1.127931e+003,2.266004e+003
1.128413e+003,2.274327e+003
1.128895e+003,2.286788e+003
1.129378e+003,2.300489e+003
1.129860e+003,2.312739e+003
1.130342e+003,2.323116e+003
1.130824e+003,2.332230e+003
1.131306e+003,2.341171e+003
1.131788e+003,2.351830e+003
1.132270e+003,2.367849e+003
1.132752e+003,2.382485e+003
1.133234e+003,2.389174e+003
1.133717e+003,2.394374e+003
1.134199e+003,2.406272e+003
1.134681e+003,2.422865e+003
1.135163e+003,2.433116e+003
1.135645e+003,2.430710e+003
1.136127e+003,2.430104e+003
1.136609e+003,2.434833e+003
1.137091e+003,2.440597e+003
1.137573e+003,2.444459e+003
1.138056e+003,2.445602e+003
1.138538e+003,2.445626e+003
1.139020e+003,2.446206e+003
1.139502e+003,2.440448e+003
1.139984e+003,2.427751e+003
1.140466e+003,2.417672e+003
1.140948e+003,2.411540e+003
1.141430e+003,2.406291e+003
1.141913e+003,2.400331e+003
1.142395e+003,2.394642e+003
1.142877e+003,2.388549e+003
1.143359e+003,2.381665e+003
1.143841e+003,2.375031e+003
1.144323e+003,2.368469e+003
1.144805e+003,2.363922e+003
1.145287e+003,2.364444e+003
1.145770e+003,2.368142e+003
1.146252e+003,2.369678e+003
1.146734e+003,2.370070e+003
1.147216e+003,2.372984e+003
1.147698e+003,2.376551e+003
1.148180e+003,2.376137e+003
1.148662e+003,2.370745e+003
1.149144e+003,2.367246e+003
1.149626e+003,2.373060e+003
1.150109e+003,2.378782e+003
1.150591e+003,2.374939e+003
1.151073e+003,2.366669e+003
1.151555e+003,2.362677e+003
1.152037e+003,2.364604e+003
1.152519e+003,2.366140e+003
1.153001e+003,2.362609e+003
1.153483e+003,2.360084e+003
1.153965e+003,2.363922e+003
1.154448e+003,2.366878e+003
1.154930e+003,2.360260e+003
1.155412e+003,2.348100e+003
1.155894e+003,2.345596e+003
1.156376e+003,2.359229e+003
1.156858e+003,2.367090e+003
1.157340e+003,2.367339e+003
1.157822e+003,2.366015e+003
1.158305e+003,2.365432e+003
1.158787e+003,2.365844e+003
1.159269e+003,2.366909e+003
1.159751e+003,2.368024e+003
1.160233e+003,2.368981e+003
1.160715e+003,2.370142e+003
1.161197e+003,2.374324e+003
1.161679e+003,2.382188e+003
1.162161e+003,2.389051e+003
1.162644e+003,2.390634e+003
1.163126e+003,2.389054e+003
1.163608e+003,2.389703e+003
1.164090e+003,2.392390e+003
1.164572e+003,2.393406e+003
1.165054e+003,2.392739e+003
1.165536e+003,2.393955e+003
1.166018e+003,2.398912e+003
1.166500e+003,2.405719e+003
1.166983e+003,2.413210e+003
1.167465e+003,2.420085e+003
1.167947e+003,2.426115e+003
1.168429e+003,2.431161e+003
1.168911e+003,2.434977e+003
1.169393e+003,2.437684e+003
1.169875e+003,2.439840e+003
1.170357e+003,2.439897e+003
1.170840e+003,2.440405e+003
1.171322e+003,2.444297e+003
1.171804e+003,2.449028e+003
1.172286e+003,2.451207e+003
1.172768e+003,2.450675e+003
1.173250e+003,2.449925e+003
1.173732e+003,2.446878e+003
1.174214e+003,2.447489e+003
1.174697e+003,2.456006e+003
1.175179e+003,2.461140e+003
1.175661e+003,2.455833e+003
1.176143e+003,2.445532e+003
1.176625e+003,2.441693e+003
1.177107e+003,2.445671e+003
1.177589e+003,2.448793e+003
1.178071e+003,2.450444e+003
1.178553e+003,2.452983e+003
1.179036e+003,2.455984e+003
1.179518e+003,2.457779e+003
1.180000e+003,2.457916e+003
1.180482e+003,2.459429e+003
1.180964e+003,2.466004e+003
1.181446e+003,2.474582e+003
1.181928e+003,2.480139e+003
1.182410e+003,2.482292e+003
1.182892e+003,2.483596e+003
1.183375e+003,2.485237e+003
1.183857e+003,2.489466e+003
1.184339e+003,2.500223e+003
1.184821e+003,2.509923e+003
1.185303e+003,2.510189e+003
1.185785e+003,2.506022e+003
1.186267e+003,2.508263e+003
1.186749e+003,2.520529e+003
1.187232e+003,2.528271e+003
1.187714e+003,2.523990e+003
1.188196e+003,2.523081e+003
1.188678e+003,2.532210e+003
1.189160e+003,2.541329e+003
1.189642e+003,2.541526e+003
1.190124e+003,2.534153e+003
1.190606e+003,2.528054e+003
1.191089e+003,2.524239e+003
1.191571e+003,2.522586e+003
1.192053e+003,2.522397e+003
1.192535e+003,2.524435e+003
1.193017e+003,2.529649e+003
1.193499e+003,2.534713e+003
1.193981e+003,2.534626e+003
1.194463e+003,2.531051e+003
1.194945e+003,2.524715e+003
1.195427e+003,2.517319e+003
1.195910e+003,2.516853e+003
1.196392e+003,2.524686e+003
1.196874e+003,2.532296e+003
1.197356e+003,2.533968e+003
1.197838e+003,2.532910e+003
1.198320e+003,2.532312e+003
1.198802e+003,2.531333e+003
1.199284e+003,2.526370e+003
1.199767e+003,2.518764e+003
1.200249e+003,2.515464e+003
1.200731e+003,2.520307e+003
1.201213e+003,2.523968e+003
1.201695e+003,2.526780e+003
1.202177e+003,2.527321e+003
1.202659e+003,2.522969e+003
1.203141e+003,2.517902e+003
1.203624e+003,2.517082e+003
1.204106e+003,2.519435e+003
1.204588e+003,2.522274e+003
1.205070e+003,2.527244e+003
1.205552e+003,2.526788e+003
1.206034e+003,2.518623e+003
1.206516e+003,2.513117e+003
1.206998e+003,2.519557e+003
1.207480e+003,2.532490e+003
1.207963e+003,2.537548e+003
1.208445e+003,2.536593e+003
1.208927e+003,2.536158e+003
1.209409e+003,2.537080e+003
1.209891e+003,2.540768e+003
1.210373e+003,2.548063e+003
1.210855e+003,2.556038e+003
1.211337e+003,2.562404e+003
1.211819e+003,2.567196e+003
1.212302e+003,2.569805e+003
1.212784e+003,2.573679e+003
1.213266e+003,2.583822e+003
1.213748e+003,2.599544e+003
1.214230e+003,2.609929e+003
1.214712e+003,2.607758e+003
1.215194e+003,2.607941e+003
1.215676e+003,2.615336e+003
1.216159e+003,2.625339e+003
1.216641e+003,2.634517e+003
1.217123e+003,2.641946e+003
1.217605e+003,2.648171e+003
1.218087e+003,2.653191e+003
1.218569e+003,2.656221e+003
1.219051e+003,2.658238e+003
1.219533e+003,2.664552e+003
1.220016e+003,2.677003e+003
1.220498e+003,2.690010e+003
1.220980e+003,2.695629e+003
1.221462e+003,2.696338e+003
1.221944e+003,2.698593e+003
1.222426e+003,2.701996e+003
1.222908e+003,2.706103e+003
1.223390e+003,2.711531e+003
1.223872e+003,2.719185e+003
1.224354e+003,2.731586e+003
1.224837e+003,2.741233e+003
1.225319e+003,2.739255e+003
1.225801e+003,2.735461e+003
1.226283e+003,2.738563e+003
1.226765e+003,2.745212e+003
1.227247e+003,2.748296e+003
1.227729e+003,2.745203e+003
1.228211e+003,2.744322e+003
1.228694e+003,2.749607e+003
1.229176e+003,2.751498e+003
1.229658e+003,2.746416e+003
1.230140e+003,2.741838e+003
1.230622e+003,2.743781e+003
1.231104e+003,2.748217e+003
1.231586e+003,2.743375e+003
1.232068e+003,2.731438e+003
1.232551e+003,2.726882e+003
1.233033e+003,2.729934e+003
1.233515e+003,2.732883e+003
1.233997e+003,2.732803e+003
1.234479e+003,2.733176e+003
1.234961e+003,2.737852e+003
1.235443e+003,2.742744e+003
1.235925e+003,2.741519e+003
1.236407e+003,2.736459e+003
1.236890e+003,2.733230e+003
1.237372e+003,2.734514e+003
1.237854e+003,2.739304e+003
1.238336e+003,2.749325e+003
1.238818e+003,2.754964e+003
1.239300e+003,2.748060e+003
1.239782e+003,2.743740e+003
1.240264e+003,2.754196e+003
1.240746e+003,2.771526e+003
1.241229e+003,2.780231e+003
1.241711e+003,2.778469e+003
1.242193e+003,2.774472e+003
1.242675e+003,2.770544e+003
1.243157e+003,2.769232e+003
1.243639e+003,2.769862e+003
1.244121e+003,2.771023e+003
1.244603e+003,2.771019e+003
1.245086e+003,2.771556e+003
1.245568e+003,2.778706e+003
1.246050e+003,2.790035e+003
1.246532e+003,2.799103e+003
1.247014e+003,2.804691e+003
1.247496e+003,2.807518e+003
1.247978e+003,2.807358e+003
1.248460e+003,2.808445e+003
1.248943e+003,2.814575e+003
1.249425e+003,2.820631e+003
1.249907e+003,2.821459e+003
1.250389e+003,2.820501e+003
1.250871e+003,2.824162e+003
1.251353e+003,2.833284e+003
1.251835e+003,2.841434e+003
1.252317e+003,2.849258e+003
1.252799e+003,2.853727e+003
1.253281e+003,2.853114e+003
1.253764e+003,2.851954e+003
1.254246e+003,2.853836e+003
1.254728e+003,2.856093e+003
1.255210e+003,2.850849e+003
1.255692e+003,2.841024e+003
1.256174e+003,2.840271e+003
1.256656e+003,2.847064e+003
1.257138e+003,2.851142e+003
1.257621e+003,2.849401e+003
1.258103e+003,2.846129e+003
1.258585e+003,2.841302e+003
1.259067e+003,2.836307e+003
1.259549e+003,2.835531e+003
1.260031e+003,2.834616e+003
1.260513e+003,2.828366e+003
1.260995e+003,2.817597e+003
1.261478e+003,2.807362e+003
1.261960e+003,2.798121e+003
1.262442e+003,2.789341e+003
1.262924e+003,2.780696e+003
1.263406e+003,2.775831e+003
1.263888e+003,2.776283e+003
1.264370e+003,2.777968e+003
1.264852e+003,2.776217e+003
1.265334e+003,2.771257e+003
1.265817e+003,2.765140e+003
1.266299e+003,2.759676e+003
1.266781e+003,2.759148e+003
1.267263e+003,2.763336e+003
1.267745e+003,2.767118e+003
1.268227e+003,2.766346e+003
1.268709e+003,2.765252e+003
1.269191e+003,2.769465e+003
1.269673e+003,2.774598e+003
1.270156e+003,2.776261e+003
1.270638e+003,2.776312e+003
1.271120e+003,2.777570e+003
1.271602e+003,2.780078e+003
1.272084e+003,2.785060e+003
1.272566e+003,2.793597e+003
1.273048e+003,2.799467e+003
1.273530e+003,2.802234e+003
1.274013e+003,2.803133e+003
1.274495e+003,2.802227e+003
1.274977e+003,2.801311e+003
1.275459e+003,2.805641e+003
1.275941e+003,2.813899e+003
1.276423e+003,2.820449e+003
1.276905e+003,2.825023e+003
1.277387e+003,2.827249e+003
1.277870e+003,2.827073e+003
1.278352e+003,2.826553e+003
1.278834e+003,2.824779e+003
1.279316e+003,2.823466e+003
1.279798e+003,2.826615e+003
1.280280e+003,2.832379e+003
1.280762e+003,2.838591e+003
1.281244e+003,2.844594e+003
1.281726e+003,2.849805e+003
1.282208e+003,2.852682e+003
1.282691e+003,2.854035e+003
1.283173e+003,2.854545e+003
1.283655e+003,2.857739e+003
1.284137e+003,2.864109e+003
1.284619e+003,2.871359e+003
1.285101e+003,2.878710e+003
1.285583e+003,2.886017e+003
1.286065e+003,2.888673e+003
1.286548e+003,2.888600e+003
1.287030e+003,2.890344e+003
1.287512e+003,2.893435e+003
1.287994e+003,2.895696e+003
1.288476e+003,2.895164e+003
1.288958e+003,2.897725e+003
1.289440e+003,2.911784e+003
1.289922e+003,2.928104e+003
1.290405e+003,2.939226e+003
1.290887e+003,2.945980e+003
1.291369e+003,2.950438e+003
1.291851e+003,2.951820e+003
1.292333e+003,2.952513e+003
1.292815e+003,2.951414e+003
1.293297e+003,2.954709e+003
1.293779e+003,2.964327e+003
1.294261e+003,2.974327e+003
1.294744e+003,2.980224e+003
1.295226e+003,2.985556e+003
1.295708e+003,3.001253e+003
1.296190e+003,3.021325e+003
1.296672e+003,3.025464e+003
1.297154e+003,3.016928e+003
1.297636e+003,3.011528e+003
1.298118e+003,3.014388e+003
1.298600e+003,3.020741e+003
1.299083e+003,3.033222e+003
1.299565e+003,3.043773e+003
1.300047e+003,3.045119e+003
1.300529e+003,3.044507e+003
1.301011e+003,3.048051e+003
1.301493e+003,3.055432e+003
1.301975e+003,3.065957e+003
1.302457e+003,3.081323e+003
1.302940e+003,3.089683e+003
1.303422e+003,3.089809e+003
1.303904e+003,3.089346e+003
1.304386e+003,3.091147e+003
1.304868e+003,3.095716e+003
1.305350e+003,3.104492e+003
1.305832e+003,3.114157e+003
1.306314e+003,3.121104e+003
1.306797e+003,3.127075e+003
1.307279e+003,3.133264e+003
1.307761e+003,3.139616e+003
1.308243e+003,3.146626e+003
1.308725e+003,3.155021e+003
1.309207e+003,3.162885e+003
1.309689e+003,3.171419e+003
1.310171e+003,3.181505e+003
1.310653e+003,3.193667e+003
1.311135e+003,3.202469e+003
1.311618e+003,3.201358e+003
1.312100e+003,3.193256e+003
1.312582e+003,3.192204e+003
1.313064e+003,3.197396e+003
1.313546e+003,3.205540e+003
1.314028e+003,3.214700e+003
1.314510e+003,3.218233e+003
1.314992e+003,3.211460e+003
1.315475e+003,3.208105e+003
1.315957e+003,3.223178e+003
1.316439e+003,3.242474e+003
1.316921e+003,3.255818e+003
1.317403e+003,3.264707e+003
1.317885e+003,3.270131e+003
1.318367e+003,3.271615e+003
1.318849e+003,3.281503e+003
1.319332e+003,3.299797e+003
1.319814e+003,3.327569e+003
1.320296e+003,3.365635e+003
1.320778e+003,3.411902e+003
1.321260e+003,3.465191e+003
1.321742e+003,3.525278e+003
1.322224e+003,3.592933e+003
1.322706e+003,3.662991e+003
1.323188e+003,3.732245e+003
1.323671e+003,3.794664e+003
1.324153e+003,3.840511e+003
1.324635e+003,3.868570e+003
1.325117e+003,3.873753e+003
1.325599e+003,3.855201e+003
1.326081e+003,3.807002e+003
1.326563e+003,3.705977e+003
1.327045e+003,3.595580e+003
1.327527e+003,3.498091e+003
1.328010e+003,3.409212e+003
1.328492e+003,3.323076e+003
1.328974e+003,3.242256e+003
1.329456e+003,3.176922e+003
1.329938e+003,3.126485e+003
1.330420e+003,3.083501e+003
1.330902e+003,3.044847e+003
1.331384e+003,3.013532e+003
1.331867e+003,2.996392e+003
1.332349e+003,2.982622e+003
1.332831e+003,2.956147e+003
1.333313e+003,2.929244e+003
1.333795e+003,2.916320e+003
1.334277e+003,2.913888e+003
1.334759e+003,2.911602e+003
1.335241e+003,2.907984e+003
1.335724e+003,2.905776e+003
1.336206e+003,2.903851e+003
1.336688e+003,2.899338e+003
1.337170e+003,2.892910e+003
1.337652e+003,2.887027e+003
1.338134e+003,2.882904e+003
1.338616e+003,2.879411e+003
1.339098e+003,2.874401e+003
1.339580e+003,2.868516e+003
1.340063e+003,2.865095e+003
1.340545e+003,2.863676e+003
1.341027e+003,2.860788e+003
1.341509e+003,2.854692e+003
1.341991e+003,2.847512e+003
1.342473e+003,2.837983e+003
1.342955e+003,2.830306e+003
1.343437e+003,2.828230e+003
1.343919e+003,2.826929e+003
1.344402e+003,2.822796e+003
1.344884e+003,2.818076e+003
1.345366e+003,2.816449e+003
1.345848e+003,2.816211e+003
1.346330e+003,2.811916e+003
1.346812e+003,2.804424e+003
1.347294e+003,2.798377e+003
1.347776e+003,2.795012e+003
1.348259e+003,2.793515e+003
1.348741e+003,2.796477e+003
1.349223e+003,2.797934e+003
1.349705e+003,2.796310e+003
1.350187e+003,2.793388e+003
1.350669e+003,2.785518e+003
1.351151e+003,2.775698e+003
1.351633e+003,2.773508e+003
1.352115e+003,2.780754e+003
1.352598e+003,2.783373e+003
1.353080e+003,2.781271e+003
1.353562e+003,2.779065e+003
1.354044e+003,2.778027e+003
1.354526e+003,2.777452e+003
1.355008e+003,2.775711e+003
1.355490e+003,2.773446e+003
1.355972e+003,2.774442e+003
1.356454e+003,2.775353e+003
1.356937e+003,2.771372e+003
1.357419e+003,2.764419e+003
1.357901e+003,2.758750e+003
1.358383e+003,2.755385e+003
1.358865e+003,2.749953e+003
1.359347e+003,2.739983e+003
1.359829e+003,2.735587e+003
1.360311e+003,2.739413e+003
1.360794e+003,2.743957e+003
1.361276e+003,2.743718e+003
1.361758e+003,2.738795e+003
1.362240e+003,2.731090e+003
1.362722e+003,2.721685e+003
1.363204e+003,2.709731e+003
1.363686e+003,2.698049e+003
1.364168e+003,2.692188e+003
1.364651e+003,2.693919e+003
1.365133e+003,2.695390e+003
1.365615e+003,2.690793e+003
1.366097e+003,2.685622e+003
1.366579e+003,2.681471e+003
1.367061e+003,2.678112e+003
1.367543e+003,2.676651e+003
1.368025e+003,2.677130e+003
1.368507e+003,2.677998e+003
1.368990e+003,2.676584e+003
1.369472e+003,2.668129e+003
1.369954e+003,2.656692e+003
1.370436e+003,2.653539e+003
1.370918e+003,2.660712e+003
1.371400e+003,2.667473e+003
1.371882e+003,2.663983e+003
1.372364e+003,2.659881e+003
1.372846e+003,2.662261e+003
1.373329e+003,2.666027e+003
1.373811e+003,2.666205e+003
1.374293e+003,2.664802e+003
1.374775e+003,2.667283e+003
1.375257e+003,2.674692e+003
1.375739e+003,2.679979e+003
1.376221e+003,2.682999e+003
1.376703e+003,2.684505e+003
1.377186e+003,2.684124e+003
1.377668e+003,2.683892e+003
1.378150e+003,2.685911e+003
1.378632e+003,2.690803e+003
1.379114e+003,2.699600e+003
1.379596e+003,2.707984e+003
1.380078e+003,2.714349e+003
1.380560e+003,2.717417e+003
1.381042e+003,2.714535e+003
1.381525e+003,2.706499e+003
1.382007e+003,2.707515e+003
1.382489e+003,2.718452e+003
1.382971e+003,2.726067e+003
1.383453e+003,2.728014e+003
1.383935e+003,2.726014e+003
1.384417e+003,2.720804e+003
1.384899e+003,2.718018e+003
1.385381e+003,2.726582e+003
1.385864e+003,2.735304e+003
1.386346e+003,2.733233e+003
1.386828e+003,2.725576e+003
1.387310e+003,2.718540e+003
1.387792e+003,2.712250e+003
1.388274e+003,2.710878e+003
1.388756e+003,2.716980e+003
1.389238e+003,2.719985e+003
1.389721e+003,2.719278e+003
1.390203e+003,2.717676e+003
1.390685e+003,2.716012e+003
1.391167e+003,2.716907e+003
1.391649e+003,2.727065e+003
1.392131e+003,2.738014e+003
1.392613e+003,2.737224e+003
1.393095e+003,2.730589e+003
1.393578e+003,2.725955e+003
1.394060e+003,2.724222e+003
1.394542e+003,2.724692e+003
1.395024e+003,2.727762e+003
1.395506e+003,2.729036e+003
1.395988e+003,2.729091e+003
1.396470e+003,2.729405e+003
1.396952e+003,2.730776e+003
1.397434e+003,2.734102e+003
1.397917e+003,2.739822e+003
1.398399e+003,2.745448e+003
1.398881e+003,2.748033e+003
1.399363e+003,2.748951e+003
1.399845e+003,2.749827e+003
1.400327e+003,2.751610e+003
1.400809e+003,2.754987e+003
1.401291e+003,2.758777e+003
1.401773e+003,2.760868e+003
1.402256e+003,2.762214e+003
1.402738e+003,2.766940e+003
1.403220e+003,2.777205e+003
1.403702e+003,2.787345e+003
1.404184e+003,2.790977e+003
1.404666e+003,2.791479e+003
1.405148e+003,2.795834e+003
1.405630e+003,2.801599e+003
1.406113e+003,2.803996e+003
1.406595e+003,2.805504e+003
1.407077e+003,2.812806e+003
1.407559e+003,2.827836e+003
1.408041e+003,2.836073e+003
1.408523e+003,2.834560e+003
1.409005e+003,2.835460e+003
1.409487e+003,2.840217e+003
1.409969e+003,2.844161e+003
1.410452e+003,2.844123e+003
1.410934e+003,2.841107e+003
1.411416e+003,2.839689e+003
1.411898e+003,2.837791e+003
1.412380e+003,2.828058e+003
1.412862e+003,2.815230e+003
1.413344e+003,2.808158e+003
1.413826e+003,2.804690e+003
1.414308e+003,2.793046e+003
1.414791e+003,2.769810e+003
1.415273e+003,2.751819e+003
1.415755e+003,2.742819e+003
1.416237e+003,2.731700e+003
1.416719e+003,2.710511e+003
1.417201e+003,2.684501e+003
1.417683e+003,2.664155e+003
1.418165e+003,2.648153e+003
1.418648e+003,2.630984e+003
1.419130e+003,2.613353e+003
1.419612e+003,2.594834e+003
1.420094e+003,2.575216e+003
1.420576e+003,2.557336e+003
1.421058e+003,2.543604e+003
1.421540e+003,2.533430e+003
1.422022e+003,2.526486e+003
1.422505e+003,2.519888e+003
1.422987e+003,2.512411e+003
1.423469e+003,2.502625e+003
1.423951e+003,2.489283e+003
1.424433e+003,2.476305e+003
1.424915e+003,2.471315e+003
1.425397e+003,2.469514e+003
1.425879e+003,2.461566e+003
1.426361e+003,2.449841e+003
1.426844e+003,2.443421e+003
1.427326e+003,2.445744e+003
1.427808e+003,2.445707e+003
1.428290e+003,2.442535e+003
1.428772e+003,2.440207e+003
1.429254e+003,2.439130e+003
1.429736e+003,2.437334e+003
1.430218e+003,2.433383e+003
1.430700e+003,2.428940e+003
1.431183e+003,2.427434e+003
1.431665e+003,2.426655e+003
1.432147e+003,2.422570e+003
1.432629e+003,2.418155e+003
1.433111e+003,2.419189e+003
1.433593e+003,2.426497e+003
1.434075e+003,2.426774e+003
1.434557e+003,2.414906e+003
1.435040e+003,2.421069e+003
1.435522e+003,2.447189e+003
1.436004e+003,2.474964e+003
1.436486e+003,2.497467e+003
1.436968e+003,2.520575e+003
1.437450e+003,2.552649e+003
1.437932e+003,2.584230e+003
1.438414e+003,2.608135e+003
1.438896e+003,2.625455e+003
1.439379e+003,2.640913e+003
1.439861e+003,2.650101e+003
1.440343e+003,2.636930e+003
1.440825e+003,2.595754e+003
1.441307e+003,2.564195e+003
1.441789e+003,2.543492e+003
1.442271e+003,2.526477e+003
1.442753e+003,2.510274e+003
1.443235e+003,2.495911e+003
1.443718e+003,2.485316e+003
1.444200e+003,2.478276e+003
1.444682e+003,2.476166e+003
1.445164e+003,2.475934e+003
1.445646e+003,2.475272e+003
1.446128e+003,2.472081e+003
1.446610e+003,2.464054e+003
1.447092e+003,2.452280e+003
1.447575e+003,2.447351e+003
1.448057e+003,2.449093e+003
1.448539e+003,2.454125e+003
1.449021e+003,2.459648e+003
1.449503e+003,2.459193e+003
1.449985e+003,2.448969e+003
1.450467e+003,2.443390e+003
1.450949e+003,2.449974e+003
1.451432e+003,2.464230e+003
1.451914e+003,2.485099e+003
1.452396e+003,2.505905e+003
1.452878e+003,2.522985e+003
1.453360e+003,2.538801e+003
1.453842e+003,2.557078e+003
1.454324e+003,2.574563e+003
1.454806e+003,2.585982e+003
1.455288e+003,2.590711e+003
1.455771e+003,2.586815e+003
1.456253e+003,2.574247e+003
1.456735e+003,2.563869e+003
1.457217e+003,2.562201e+003
1.457699e+003,2.551504e+003
1.458181e+003,2.524526e+003
1.458663e+003,2.500086e+003
1.459145e+003,2.490012e+003
1.459627e+003,2.487749e+003
1.460110e+003,2.482449e+003
1.460592e+003,2.476173e+003
1.461074e+003,2.476379e+003
1.461556e+003,2.480803e+003
1.462038e+003,2.481495e+003
1.462520e+003,2.476043e+003
1.463002e+003,2.468933e+003
1.463484e+003,2.461195e+003
1.463967e+003,2.451862e+003
1.464449e+003,2.440472e+003
1.464931e+003,2.436839e+003
1.465413e+003,2.444953e+003
1.465895e+003,2.453634e+003
1.466377e+003,2.448810e+003
1.466859e+003,2.438935e+003
1.467341e+003,2.435711e+003
1.467823e+003,2.436665e+003
1.468306e+003,2.439184e+003
1.468788e+003,2.440888e+003
1.469270e+003,2.437848e+003
1.469752e+003,2.429375e+003
1.470234e+003,2.429897e+003
1.470716e+003,2.440551e+003
1.471198e+003,2.449579e+003
1.471680e+003,2.453473e+003
1.472162e+003,2.453869e+003
1.472645e+003,2.450504e+003
1.473127e+003,2.447803e+003
1.473609e+003,2.450681e+003
1.474091e+003,2.456783e+003
1.474573e+003,2.466605e+003
1.475055e+003,2.475800e+003
1.475537e+003,2.478222e+003
1.476019e+003,2.474657e+003
1.476502e+003,2.474718e+003
1.476984e+003,2.478931e+003
1.477466e+003,2.481546e+003
1.477948e+003,2.482229e+003
1.478430e+003,2.484201e+003
1.478912e+003,2.488869e+003
1.479394e+003,2.495598e+003
1.479876e+003,2.508625e+003
1.480359e+003,2.515550e+003
1.480841e+003,2.510805e+003
1.481323e+003,2.502145e+003
1.481805e+003,2.493567e+003
1.482287e+003,2.487436e+003
1.482769e+003,2.492446e+003
1.483251e+003,2.502560e+003
1.483733e+003,2.501288e+003
1.484215e+003,2.493169e+003
1.484698e+003,2.488899e+003
1.485180e+003,2.490825e+003
1.485662e+003,2.492715e+003
1.486144e+003,2.493360e+003
1.486626e+003,2.493590e+003
1.487108e+003,2.491694e+003
1.487590e+003,2.489071e+003
1.488072e+003,2.487486e+003
1.488554e+003,2.488945e+003
1.489037e+003,2.495464e+003
1.489519e+003,2.502386e+003
1.490001e+003,2.505935e+003
1.490483e+003,2.506712e+003
1.490965e+003,2.507261e+003
1.491447e+003,2.507898e+003
1.491929e+003,2.504675e+003
1.492411e+003,2.495751e+003
1.492894e+003,2.494455e+003
1.493376e+003,2.500059e+003
1.493858e+003,2.500793e+003
1.494340e+003,2.495159e+003
1.494822e+003,2.492084e+003
1.495304e+003,2.498961e+003
1.495786e+003,2.505841e+003
1.496268e+003,2.507837e+003
1.496750e+003,2.508225e+003
1.497233e+003,2.506359e+003
1.497715e+003,2.504271e+003
1.498197e+003,2.504914e+003
1.498679e+003,2.507860e+003
1.499161e+003,2.511767e+003
1.499643e+003,2.516643e+003
1.500125e+003,2.522736e+003
1.500607e+003,2.529322e+003
1.501089e+003,2.533962e+003
1.501572e+003,2.534836e+003
1.502054e+003,2.536298e+003
1.502536e+003,2.540021e+003
1.503018e+003,2.542042e+003
1.503500e+003,2.542227e+003
1.503982e+003,2.543295e+003
1.504464e+003,2.546435e+003
1.504946e+003,2.550158e+003
1.505429e+003,2.551955e+003
1.505911e+003,2.553995e+003
1.506393e+003,2.559220e+003
1.506875e+003,2.565644e+003
1.507357e+003,2.570481e+003
1.507839e+003,2.573770e+003
1.508321e+003,2.576701e+003
1.508803e+003,2.579968e+003
1.509286e+003,2.590963e+003
1.509768e+003,2.607818e+003
1.510250e+003,2.616436e+003
1.510732e+003,2.612989e+003
1.511214e+003,2.610073e+003
1.511696e+003,2.615156e+003
1.512178e+003,2.623094e+003
1.512660e+003,2.633714e+003
1.513142e+003,2.640976e+003
1.513625e+003,2.642812e+003
1.514107e+003,2.644764e+003
1.514589e+003,2.653080e+003
1.515071e+003,2.663718e+003
1.515553e+003,2.667797e+003
1.516035e+003,2.665937e+003
1.516517e+003,2.661569e+003
1.516999e+003,2.657630e+003
1.517481e+003,2.657861e+003
1.517964e+003,2.664005e+003
1.518446e+003,2.669225e+003
1.518928e+003,2.673390e+003
1.519410e+003,2.674753e+003
1.519892e+003,2.673493e+003
1.520374e+003,2.673374e+003
1.520856e+003,2.676995e+003
1.521338e+003,2.679736e+003
1.521821e+003,2.675756e+003
1.522303e+003,2.671144e+003
1.522785e+003,2.672771e+003
1.523267e+003,2.676610e+003
1.523749e+003,2.676977e+003
1.524231e+003,2.674512e+003
1.524713e+003,2.675701e+003
1.525195e+003,2.679331e+003
1.525677e+003,2.678991e+003
1.526160e+003,2.674961e+003
1.526642e+003,2.670998e+003
1.527124e+003,2.667547e+003
1.527606e+003,2.666095e+003
1.528088e+003,2.673873e+003
1.528570e+003,2.679579e+003
1.529052e+003,2.678377e+003
1.529534e+003,2.677531e+003
1.530016e+003,2.682105e+003
1.530499e+003,2.684735e+003
1.530981e+003,2.674959e+003
1.531463e+003,2.664344e+003
1.531945e+003,2.660714e+003
1.532427e+003,2.661305e+003
1.532909e+003,2.666071e+003
1.533391e+003,2.672506e+003
1.533874e+003,2.670330e+003
1.534356e+003,2.659130e+003
1.534838e+003,2.653047e+003
1.535320e+003,2.652817e+003
1.535802e+003,2.654701e+003
1.536284e+003,2.656861e+003
1.536766e+003,2.658145e+003
1.537248e+003,2.657731e+003
1.537730e+003,2.657964e+003
1.538213e+003,2.660808e+003
1.538695e+003,2.663229e+003
1.539177e+003,2.662889e+003
1.539659e+003,2.663119e+003
1.540141e+003,2.668317e+003
1.540623e+003,2.675059e+003
1.541105e+003,2.679005e+003
1.541587e+003,2.680207e+003
1.542069e+003,2.678019e+003
1.542552e+003,2.675799e+003
1.543034e+003,2.679193e+003
1.543516e+003,2.685953e+003
1.543998e+003,2.690570e+003
1.544480e+003,2.694823e+003
1.544962e+003,2.701681e+003
1.545444e+003,2.711772e+003
1.545926e+003,2.719886e+003
1.546409e+003,2.720777e+003
1.546891e+003,2.721273e+003
1.547373e+003,2.726705e+003
1.547855e+003,2.733267e+003
1.548337e+003,2.738084e+003
1.548819e+003,2.742823e+003
1.549301e+003,2.752626e+003
1.549783e+003,2.764156e+003
1.550266e+003,2.763291e+003
1.550748e+003,2.757692e+003
1.551230e+003,2.756926e+003
1.551712e+003,2.758544e+003
1.552194e+003,2.762896e+003
1.552676e+003,2.772502e+003
1.553158e+003,2.780333e+003
1.553640e+003,2.783935e+003
1.554122e+003,2.782045e+003
1.554604e+003,2.775779e+003
1.555087e+003,2.766691e+003
1.555569e+003,2.753720e+003
1.556051e+003,2.745430e+003
1.556533e+003,2.749850e+003
1.557015e+003,2.755687e+003
1.557497e+003,2.762608e+003
1.557979e+003,2.769120e+003
1.558461e+003,2.773757e+003
1.558944e+003,2.777606e+003
1.559426e+003,2.779831e+003
1.559908e+003,2.780293e+003
1.560390e+003,2.776670e+003
1.560872e+003,2.772196e+003
1.561354e+003,2.776529e+003
1.561836e+003,2.789996e+003
1.562318e+003,2.798242e+003
1.562801e+003,2.799460e+003
1.563283e+003,2.800908e+003
1.563765e+003,2.802673e+003
1.564247e+003,2.802875e+003
1.564729e+003,2.802159e+003
1.565211e+003,2.806237e+003
1.565693e+003,2.822484e+003
1.566175e+003,2.833389e+003
1.566657e+003,2.835223e+003
1.567140e+003,2.830530e+003
1.567622e+003,2.819048e+003
1.568104e+003,2.807181e+003
1.568586e+003,2.802369e+003
1.569068e+003,2.802302e+003
1.569550e+003,2.805025e+003
1.570032e+003,2.805352e+003
1.570514e+003,2.796271e+003
1.570996e+003,2.780134e+003
1.571479e+003,2.764188e+003
1.571961e+003,2.749548e+003
1.572443e+003,2.739261e+003
1.572925e+003,2.731504e+003
1.573407e+003,2.725613e+003
1.573889e+003,2.720138e+003
1.574371e+003,2.708687e+003
1.574853e+003,2.689699e+003
1.575336e+003,2.676434e+003
1.575818e+003,2.672417e+003
1.576300e+003,2.667950e+003
1.576782e+003,2.659819e+003
1.577264e+003,2.648568e+003
1.577746e+003,2.635410e+003
1.578228e+003,2.624264e+003
1.578710e+003,2.620043e+003
1.579193e+003,2.619297e+003
1.579675e+003,2.621840e+003
1.580157e+003,2.623040e+003
1.580639e+003,2.617496e+003
1.581121e+003,2.607191e+003
1.581603e+003,2.595339e+003
1.582085e+003,2.583725e+003
1.582567e+003,2.580471e+003
1.583049e+003,2.582646e+003
1.583531e+003,2.583270e+003
1.584014e+003,2.580472e+003
1.584496e+003,2.576295e+003
1.584978e+003,2.571895e+003
1.585460e+003,2.566555e+003
1.585942e+003,2.560171e+003
1.586424e+003,2.556422e+003
1.586906e+003,2.556397e+003
1.587388e+003,2.555315e+003
1.587871e+003,2.548655e+003
1.588353e+003,2.540007e+003
1.588835e+003,2.529633e+003
1.589317e+003,2.519758e+003
1.589799e+003,2.512706e+003
1.590281e+003,2.507599e+003
1.590763e+003,2.502036e+003
1.591245e+003,2.496282e+003
1.591728e+003,2.492591e+003
1.592210e+003,2.489556e+003
1.592692e+003,2.484984e+003
1.593174e+003,2.478988e+003
1.593656e+003,2.472319e+003
1.594138e+003,2.463791e+003
1.594620e+003,2.457509e+003
1.595102e+003,2.454082e+003
1.595584e+003,2.448697e+003
1.596067e+003,2.440747e+003
1.596549e+003,2.434450e+003
1.597031e+003,2.434922e+003
1.597513e+003,2.430153e+003
1.597995e+003,2.409313e+003
1.598477e+003,2.391238e+003
1.598959e+003,2.381687e+003
1.599441e+003,2.377644e+003
1.599923e+003,2.376488e+003
1.600406e+003,2.376506e+003
1.600888e+003,2.374152e+003
1.601370e+003,2.369456e+003
1.601852e+003,2.365317e+003
1.602334e+003,2.361392e+003
1.602816e+003,2.355770e+003
1.603298e+003,2.348220e+003
1.603780e+003,2.337882e+003
1.604263e+003,2.325942e+003
1.604745e+003,2.319131e+003
1.605227e+003,2.316973e+003
1.605709e+003,2.314468e+003
1.606191e+003,2.310808e+003
1.606673e+003,2.307248e+003
1.607155e+003,2.303359e+003
1.607637e+003,2.292997e+003
1.608120e+003,2.275038e+003
1.608602e+003,2.261983e+003
1.609084e+003,2.261590e+003
1.609566e+003,2.261576e+003
1.610048e+003,2.244920e+003
1.610530e+003,2.226687e+003
1.611012e+003,2.218865e+003
1.611494e+003,2.212228e+003
1.611976e+003,2.201569e+003
1.612458e+003,2.189153e+003
1.612941e+003,2.179152e+003
1.613423e+003,2.170099e+003
1.613905e+003,2.160317e+003
1.614387e+003,2.150395e+003
1.614869e+003,2.140083e+003
1.615351e+003,2.129736e+003
1.615833e+003,2.119566e+003
1.616315e+003,2.108697e+003
1.616798e+003,2.098780e+003
1.617280e+003,2.089349e+003
1.617762e+003,2.078699e+003
1.618244e+003,2.068106e+003
1.618726e+003,2.060237e+003
1.619208e+003,2.056589e+003
1.619690e+003,2.048995e+003
1.620172e+003,2.035397e+003
1.620655e+003,2.023742e+003
1.621137e+003,2.017211e+003
1.621619e+003,2.012107e+003
1.622101e+003,2.004473e+003
1.622583e+003,1.995770e+003
1.623065e+003,1.987181e+003
1.623547e+003,1.979394e+003
1.624029e+003,1.973866e+003
1.624511e+003,1.969021e+003
1.624994e+003,1.962387e+003
1.625476e+003,1.953913e+003
1.625958e+003,1.943246e+003
1.626440e+003,1.933113e+003
1.626922e+003,1.929691e+003
1.627404e+003,1.930638e+003
1.627886e+003,1.928693e+003
1.628368e+003,1.922820e+003
1.628850e+003,1.916294e+003
1.629333e+003,1.909421e+003
1.629815e+003,1.898959e+003
1.630297e+003,1.885994e+003
1.630779e+003,1.875856e+003
1.631261e+003,1.869814e+003
1.631743e+003,1.862313e+003
1.632225e+003,1.849196e+003
1.632707e+003,1.842323e+003
1.633190e+003,1.845720e+003
1.633672e+003,1.845125e+003
1.634154e+003,1.830942e+003
1.634636e+003,1.816493e+003
1.635118e+003,1.819078e+003
1.635600e+003,1.820151e+003
1.636082e+003,1.804957e+003
1.636564e+003,1.789625e+003
1.637047e+003,1.785669e+003
1.637529e+003,1.786824e+003
1.638011e+003,1.778974e+003
1.638493e+003,1.765543e+003
1.638975e+003,1.756457e+003
1.639457e+003,1.750194e+003
1.639939e+003,1.743580e+003
1.640421e+003,1.735539e+003
1.640903e+003,1.724542e+003
1.641385e+003,1.710406e+003
1.641868e+003,1.707340e+003
1.642350e+003,1.712865e+003
1.642832e+003,1.709938e+003
1.643314e+003,1.695345e+003
1.643796e+003,1.682291e+003
1.644278e+003,1.679922e+003
1.644760e+003,1.672112e+003
1.645242e+003,1.657756e+003
1.645725e+003,1.646242e+003
1.646207e+003,1.639662e+003
1.646689e+003,1.633617e+003
1.647171e+003,1.625320e+003
1.647653e+003,1.616378e+003
1.648135e+003,1.608159e+003
1.648617e+003,1.600459e+003
1.649099e+003,1.592630e+003
1.649582e+003,1.584505e+003
1.650064e+003,1.576234e+003
1.650546e+003,1.567653e+003
1.651028e+003,1.557083e+003
1.651510e+003,1.546411e+003
1.651992e+003,1.538370e+003
1.652474e+003,1.532910e+003
1.652956e+003,1.529345e+003
1.653438e+003,1.526620e+003
1.653921e+003,1.517646e+003
1.654403e+003,1.503864e+003
1.654885e+003,1.490233e+003
1.655367e+003,1.478406e+003
1.655849e+003,1.471975e+003
1.656331e+003,1.474492e+003
1.656813e+003,1.471728e+003
1.657295e+003,1.461327e+003
1.657777e+003,1.452033e+003
1.658260e+003,1.445289e+003
1.658742e+003,1.441328e+003
1.659224e+003,1.440636e+003
1.659706e+003,1.438800e+003
1.660188e+003,1.430584e+003
1.660670e+003,1.423307e+003
1.661152e+003,1.419917e+003
1.661634e+003,1.416041e+003
1.662117e+003,1.409128e+003
1.662599e+003,1.402424e+003
1.663081e+003,1.397836e+003
1.663563e+003,1.394975e+003
1.664045e+003,1.395592e+003
1.664527e+003,1.394520e+003
1.665009e+003,1.388908e+003
1.665491e+003,1.381660e+003
1.665974e+003,1.376240e+003
1.666456e+003,1.371708e+003
1.666938e+003,1.367224e+003
1.667420e+003,1.362502e+003
1.667902e+003,1.357570e+003
1.668384e+003,1.352985e+003
1.668866e+003,1.349062e+003
1.669348e+003,1.345436e+003
1.669830e+003,1.342107e+003
1.670313e+003,1.338521e+003
1.670795e+003,1.332275e+003
1.671277e+003,1.322761e+003
1.671759e+003,1.312656e+003
1.672241e+003,1.303687e+003
1.672723e+003,1.293807e+003
1.673205e+003,1.283514e+003
1.673687e+003,1.274125e+003
1.674169e+003,1.265338e+003
1.674652e+003,1.257494e+003
1.675134e+003,1.251296e+003
1.675616e+003,1.245809e+003
1.676098e+003,1.241120e+003
1.676580e+003,1.235183e+003
1.677062e+003,1.227891e+003
1.677544e+003,1.218902e+003
1.678026e+003,1.205502e+003
1.678509e+003,1.194501e+003
1.678991e+003,1.195099e+003
1.679473e+003,1.195456e+003
1.679955e+003,1.188438e+003
1.680437e+003,1.179615e+003
1.680919e+003,1.173685e+003
1.681401e+003,1.169630e+003
1.681883e+003,1.164829e+003
1.682365e+003,1.159999e+003
1.682848e+003,1.157586e+003
1.683330e+003,1.156957e+003
1.683812e+003,1.156459e+003
1.684294e+003,1.155758e+003
1.684776e+003,1.151697e+003
1.685258e+003,1.144452e+003
1.685740e+003,1.135901e+003
1.686222e+003,1.127839e+003
1.686704e+003,1.123789e+003
1.687187e+003,1.124975e+003
1.687669e+003,1.127158e+003
1.688151e+003,1.129642e+003
1.688633e+003,1.130541e+003
1.689115e+003,1.129865e+003
1.689597e+003,1.124790e+003
1.690079e+003,1.113967e+003
1.690561e+003,1.106954e+003
1.691044e+003,1.110806e+003
1.691526e+003,1.113445e+003
1.692008e+003,1.113907e+003
1.692490e+003,1.110951e+003
1.692972e+003,1.103756e+003
1.693454e+003,1.096068e+003
1.693936e+003,1.091137e+003
1.694418e+003,1.087633e+003
1.694901e+003,1.083717e+003
1.695383e+003,1.081443e+003
1.695865e+003,1.082851e+003
1.696347e+003,1.084881e+003
1.696829e+003,1.082103e+003
1.697311e+003,1.077690e+003
1.697793e+003,1.074530e+003
1.698275e+003,1.072485e+003
1.698757e+003,1.072323e+003
1.699240e+003,1.072515e+003
1.699722e+003,1.070827e+003
1.700204e+003,1.068004e+003
1.700686e+003,1.067230e+003
1.701168e+003,1.067835e+003
1.701650e+003,1.067256e+003
1.702132e+003,1.065357e+003
1.702614e+003,1.063101e+003
1.703096e+003,1.060460e+003
1.703579e+003,1.060320e+003
1.704061e+003,1.061998e+003
1.704543e+003,1.066684e+003
1.705025e+003,1.073364e+003
1.705507e+003,1.074334e+003
1.705989e+003,1.065579e+003
1.706471e+003,1.060944e+003
1.706953e+003,1.059659e+003
1.707436e+003,1.056657e+003
1.707918e+003,1.051728e+003
1.708400e+003,1.047706e+003
1.708882e+003,1.046457e+003
1.709364e+003,1.045927e+003
1.709846e+003,1.046258e+003
1.710328e+003,1.045707e+003
1.710810e+003,1.043459e+003
1.711292e+003,1.038391e+003
1.711775e+003,1.029408e+003
1.712257e+003,1.020061e+003
1.712739e+003,1.012539e+003
1.713221e+003,1.007939e+003
1.713703e+003,1.006175e+003
1.714185e+003,1.004902e+003
1.714667e+003,1.003206e+003
1.715149e+003,1.001060e+003
1.715631e+003,9.972084e+002
1.716114e+003,9.935355e+002
1.716596e+003,9.917507e+002
1.717078e+003,9.901666e+002
1.717560e+003,9.876263e+002
1.718042e+003,9.853622e+002
1.718524e+003,9.867870e+002
1.719006e+003,9.878422e+002
1.719488e+003,9.804349e+002
1.719971e+003,9.699019e+002
1.720453e+003,9.658564e+002
1.720935e+003,9.670460e+002
1.721417e+003,9.660408e+002
1.721899e+003,9.629675e+002
1.722381e+003,9.587159e+002
1.722863e+003,9.542346e+002
1.723345e+003,9.540216e+002
1.723828e+003,9.576010e+002
1.724310e+003,9.558846e+002
1.724792e+003,9.485601e+002
1.725274e+003,9.449651e+002
1.725756e+003,9.447373e+002
1.726238e+003,9.444213e+002
1.726720e+003,9.429476e+002
1.727202e+003,9.389750e+002
1.727684e+003,9.295524e+002
1.728167e+003,9.265383e+002
1.728649e+003,9.297859e+002
1.729131e+003,9.317220e+002
1.729613e+003,9.308577e+002
1.730095e+003,9.286790e+002
1.730577e+003,9.239155e+002
1.731059e+003,9.204425e+002
1.731541e+003,9.190137e+002
1.732023e+003,9.180557e+002
1.732506e+003,9.175958e+002
1.732988e+003,9.169894e+002
1.733470e+003,9.143906e+002
1.733952e+003,9.127090e+002
1.734434e+003,9.151344e+002
1.734916e+003,9.151166e+002
1.735398e+003,9.111412e+002
1.735880e+003,9.054718e+002
1.736363e+003,8.990167e+002
1.736845e+003,8.941287e+002
1.737327e+003,8.941269e+002
1.737809e+003,8.952548e+002
1.738291e+003,8.953497e+002
1.738773e+003,8.939212e+002
1.739255e+003,8.903715e+002
1.739737e+003,8.854673e+002
1.740219e+003,8.798318e+002
1.740702e+003,8.759140e+002
1.741184e+003,8.779315e+002
1.741666e+003,8.809040e+002
1.742148e+003,8.781718e+002
1.742630e+003,8.726199e+002
1.743112e+003,8.746113e+002
1.743594e+003,8.788561e+002
1.744076e+003,8.737838e+002
1.744558e+003,8.640032e+002
1.745041e+003,8.591448e+002
1.745523e+003,8.590615e+002
1.746005e+003,8.626178e+002
1.746487e+003,8.676970e+002
1.746969e+003,8.656391e+002
1.747451e+003,8.591013e+002
1.747933e+003,8.561854e+002
1.748415e+003,8.575925e+002
1.748898e+003,8.552168e+002
1.749380e+003,8.492673e+002
1.749862e+003,8.470065e+002
1.750344e+003,8.480010e+002
1.750826e+003,8.493853e+002
1.751308e+003,8.505714e+002
1.751790e+003,8.494095e+002
1.752272e+003,8.448499e+002
1.752755e+003,8.430846e+002
1.753237e+003,8.437941e+002
1.753719e+003,8.434203e+002
1.754201e+003,8.412183e+002
1.754683e+003,8.387905e+002
1.755165e+003,8.367307e+002
1.755647e+003,8.338686e+002
1.756129e+003,8.299349e+002
1.756611e+003,8.262855e+002
1.757094e+003,8.235790e+002
1.757576e+003,8.224431e+002
1.758058e+003,8.247225e+002
1.758540e+003,8.258238e+002
1.759022e+003,8.245239e+002
1.759504e+003,8.212884e+002
1.759986e+003,8.166198e+002
1.760468e+003,8.125203e+002
1.760950e+003,8.103766e+002
1.761433e+003,8.099172e+002
1.761915e+003,8.115422e+002
1.762397e+003,8.125914e+002
1.762879e+003,8.123763e+002
1.763361e+003,8.109630e+002
1.763843e+003,8.081125e+002
1.764325e+003,8.054651e+002
1.764807e+003,8.048651e+002
1.765290e+003,8.050158e+002
1.765772e+003,8.048871e+002
1.766254e+003,8.038287e+002
1.766736e+003,8.011139e+002
1.767218e+003,7.984835e+002
1.767700e+003,7.994740e+002
1.768182e+003,8.013173e+002
1.768664e+003,8.012068e+002
1.769146e+003,7.996578e+002
1.769629e+003,7.967051e+002
1.770111e+003,7.934750e+002
1.770593e+003,7.925152e+002
1.771075e+003,7.922518e+002
1.771557e+003,7.918171e+002
1.772039e+003,7.909447e+002
1.772521e+003,7.885106e+002
1.773003e+003,7.855457e+002
1.773485e+003,7.867556e+002
1.773968e+003,7.892502e+002
1.774450e+003,7.865094e+002
1.774932e+003,7.816583e+002
1.775414e+003,7.814727e+002
1.775896e+003,7.842063e+002
1.776378e+003,7.825412e+002
1.776860e+003,7.788758e+002
1.777342e+003,7.814638e+002
1.777825e+003,7.870927e+002
1.778307e+003,7.863489e+002
1.778789e+003,7.788375e+002
1.779271e+003,7.744913e+002
1.779753e+003,7.733840e+002
1.780235e+003,7.738798e+002
1.780717e+003,7.754770e+002
1.781199e+003,7.756455e+002
1.781682e+003,7.735582e+002
1.782164e+003,7.710045e+002
1.782646e+003,7.683668e+002
1.783128e+003,7.689505e+002
1.783610e+003,7.715450e+002
1.784092e+003,7.714413e+002
1.784574e+003,7.676434e+002
1.785056e+003,7.640492e+002
1.785538e+003,7.618428e+002
1.786021e+003,7.620328e+002
1.786503e+003,7.640718e+002
1.786985e+003,7.662428e+002
1.787467e+003,7.675735e+002
1.787949e+003,7.660065e+002
1.788431e+003,7.591357e+002
1.788913e+003,7.568571e+002
1.789395e+003,7.587525e+002
1.789877e+003,7.592879e+002
1.790360e+003,7.573799e+002
1.790842e+003,7.562327e+002
1.791324e+003,7.588804e+002
1.791806e+003,7.585666e+002
1.792288e+003,7.542883e+002
1.792770e+003,7.511472e+002
1.793252e+003,7.504286e+002
1.793734e+003,7.505439e+002
1.794217e+003,7.504314e+002
1.794699e+003,7.505180e+002
1.795181e+003,7.515448e+002
1.795663e+003,7.523720e+002
1.796145e+003,7.526572e+002
1.796627e+003,7.513772e+002
1.797109e+003,7.474654e+002
1.797591e+003,7.436422e+002
1.798073e+003,7.405049e+002
1.798556e+003,7.386230e+002
1.799038e+003,7.380224e+002
1.799520e+003,7.388135e+002
1.800002e+003,7.420181e+002
1.800484e+003,7.436836e+002
1.800966e+003,7.382919e+002
1.801448e+003,7.353704e+002
1.801930e+003,7.381201e+002
1.802412e+003,7.409089e+002
1.802895e+003,7.399124e+002
1.803377e+003,7.370253e+002
1.803859e+003,7.321883e+002
1.804341e+003,7.301589e+002
1.804823e+003,7.336686e+002
1.805305e+003,7.364621e+002
1.805787e+003,7.340569e+002
1.806269e+003,7.298418e+002
1.806752e+003,7.273146e+002
1.807234e+003,7.265973e+002
1.807716e+003,7.281477e+002
1.808198e+003,7.295239e+002
1.808680e+003,7.293187e+002
1.809162e+003,7.278438e+002
1.809644e+003,7.246632e+002
1.810126e+003,7.225344e+002
1.810609e+003,7.238851e+002
1.811091e+003,7.250594e+002
1.811573e+003,7.240896e+002
1.812055e+003,7.226848e+002
1.812537e+003,7.234469e+002
1.813019e+003,7.244922e+002
1.813501e+003,7.236241e+002
1.813983e+003,7.224039e+002
1.814465e+003,7.222786e+002
1.814948e+003,7.223494e+002
1.815430e+003,7.208077e+002
1.815912e+003,7.179646e+002
1.816394e+003,7.135583e+002
1.816876e+003,7.107424e+002
1.817358e+003,7.122177e+002
1.817840e+003,7.154431e+002
1.818322e+003,7.171500e+002
1.818804e+003,7.174307e+002
1.819287e+003,7.152744e+002
1.819769e+003,7.132847e+002
1.820251e+003,7.146722e+002
1.820733e+003,7.171923e+002
1.821215e+003,7.173936e+002
1.821697e+003,7.165373e+002
1.822179e+003,7.164274e+002
1.822661e+003,7.153453e+002
1.823144e+003,7.107379e+002
1.823626e+003,7.062379e+002
1.824108e+003,7.062214e+002
1.824590e+003,7.088859e+002
1.825072e+003,7.117871e+002
1.825554e+003,7.135519e+002
1.826036e+003,7.122748e+002
1.826518e+003,7.099513e+002
1.827000e+003,7.086818e+002
1.827483e+003,7.073401e+002
1.827965e+003,7.033059e+002
1.828447e+003,6.995599e+002
1.828929e+003,7.015599e+002
1.829411e+003,7.062097e+002
1.829893e+003,7.071065e+002
1.830375e+003,7.051024e+002
1.830857e+003,7.030551e+002
1.831339e+003,7.019076e+002
1.831822e+003,7.051594e+002
1.832304e+003,7.099223e+002
1.832786e+003,7.102387e+002
1.833268e+003,7.076019e+002
1.833750e+003,7.079796e+002
1.834232e+003,7.089932e+002
1.834714e+003,7.049852e+002
1.835196e+003,6.994536e+002
1.835679e+003,6.989860e+002
1.836161e+003,7.018466e+002
1.836643e+003,7.033904e+002
1.837125e+003,7.029081e+002
1.837607e+003,6.974056e+002
1.838089e+003,6.908506e+002
1.838571e+003,6.898680e+002
1.839053e+003,6.927227e+002
1.839536e+003,6.946950e+002
1.840018e+003,6.957482e+002
1.840500e+003,6.972286e+002
1.840982e+003,6.982113e+002
1.841464e+003,6.952782e+002
1.841946e+003,6.904033e+002
1.842428e+003,6.894357e+002
1.842910e+003,6.914026e+002
1.843392e+003,6.941757e+002
1.843875e+003,6.964852e+002
1.844357e+003,6.960206e+002
1.844839e+003,6.940128e+002
1.845321e+003,6.944632e+002
1.845803e+003,6.962055e+002
1.846285e+003,6.927077e+002
1.846767e+003,6.870066e+002
1.847249e+003,6.858961e+002
1.847731e+003,6.880043e+002
1.848214e+003,6.883848e+002
1.848696e+003,6.877302e+002
1.849178e+003,6.874656e+002
1.849660e+003,6.874254e+002
1.850142e+003,6.870119e+002
1.850624e+003,6.858646e+002
1.851106e+003,6.849255e+002
1.851588e+003,6.845899e+002
1.852071e+003,6.860967e+002
1.852553e+003,6.879525e+002
1.853035e+003,6.845316e+002
1.853517e+003,6.788438e+002
1.853999e+003,6.812894e+002
1.854481e+003,6.893381e+002
1.854963e+003,6.903398e+002
1.855445e+003,6.875161e+002
1.855927e+003,6.864376e+002
1.856410e+003,6.864921e+002
1.856892e+003,6.835371e+002
1.857374e+003,6.786707e+002
1.857856e+003,6.800607e+002
1.858338e+003,6.838605e+002
1.858820e+003,6.830951e+002
1.859302e+003,6.792394e+002
1.859784e+003,6.763575e+002
